{
  "lowlevel": {
    "average_loudness": 0.836645424366,
    "barkbands": {
      "dmean": [
        3.25265027641e-05,
        0.00290007167496,
        0.00120454735588,
        0.00144971394911,
        0.00184549612459,
        0.00153154472355,
        0.000911231618375,
        0.000694444577675,
        0.000832009827718,
        0.000423381192377,
        0.000450990482932,
        0.000402142701205,
        0.000514890765771,
        0.000355804426363,
        0.000358328834409,
        0.000316580059007,
        0.000209890364204,
        0.000118965625006,
        8.10067067505e-05,
        0.000126628772705,
        0.000113220383355,
        0.000155554225785,
        0.000251276884228,
        0.000112204506877,
        5.09606252308e-05,
        5.46711307834e-05,
        9.17020042834e-06
      ],
      "dmean2": [
        4.71542407467e-05,
        0.00475794402882,
        0.00212940829806,
        0.00240475661121,
        0.00304145761766,
        0.0024027354084,
        0.00140743516386,
        0.00102195062209,
        0.00127181748394,
        0.000669886649121,
        0.00068625586573,
        0.00060671067331,
        0.000785576703493,
        0.000572956225369,
        0.000568441813812,
        0.000508183322381,
        0.00031920793117,
        0.0001841935009,
        0.000124664948089,
        0.000214398998651,
        0.000170096944203,
        0.000246942800004,
        0.000378237862606,
        0.000167471895111,
        7.41212570574e-05,
        8.23221344035e-05,
        1.41485415952e-05
      ],
      "dvar": [
        7.63226193357e-09,
        6.87861538609e-05,
        9.48720935412e-06,
        7.70926180849e-06,
        7.42831252865e-06,
        8.30326280266e-06,
        3.70480324818e-06,
        2.71216458714e-06,
        5.36416428076e-06,
        7.0759637083e-07,
        1.14804413442e-06,
        1.33610410558e-06,
        1.35690277148e-06,
        6.66028256546e-07,
        6.42153736408e-07,
        5.25552252384e-07,
        2.27711865364e-07,
        7.85286786709e-08,
        2.83252852284e-08,
        1.06852311887e-07,
        9.37143767032e-08,
        2.18154056597e-07,
        6.18493231741e-07,
        1.32479755166e-07,
        2.19351026232e-08,
        3.88411507402e-08,
        1.33568556215e-09
      ],
      "dvar2": [
        1.46312792992e-08,
        0.000169209961314,
        2.73327132163e-05,
        1.94943513634e-05,
        1.94746280613e-05,
        2.10224916373e-05,
        8.44095120556e-06,
        5.57485736863e-06,
        1.34252368298e-05,
        1.7789238882e-06,
        2.48688866122e-06,
        2.73146747531e-06,
        2.9646062103e-06,
        1.66731717854e-06,
        1.58596856181e-06,
        1.30814328259e-06,
        5.117522619e-07,
        1.80755904466e-07,
        6.15677109295e-08,
        2.91864722612e-07,
        2.17382464029e-07,
        5.36566574283e-07,
        1.4330967133e-06,
        2.91168191779e-07,
        4.80334279018e-08,
        9.09178794473e-08,
        3.45817330327e-09
      ],
      "max": [
        0.001059339731,
        0.0794709175825,
        0.0368395373225,
        0.0331522859633,
        0.0445790477097,
        0.0645090192556,
        0.0470155850053,
        0.0374950990081,
        0.0653819665313,
        0.0225046891719,
        0.0397285297513,
        0.0634652450681,
        0.0345879010856,
        0.0157558564097,
        0.016136303544,
        0.0181980971247,
        0.0131555525586,
        0.00926418136805,
        0.00464509287849,
        0.00369776692241,
        0.00492226751521,
        0.00759897008538,
        0.0173847805709,
        0.00975748896599,
        0.00659607257694,
        0.00482151424512,
        0.00070901674917
      ],
      "mean": [
        3.34850374202e-05,
        0.00276426202618,
        0.00167810020503,
        0.0020636646077,
        0.00367748201825,
        0.00322179333307,
        0.00187171762809,
        0.00140255619772,
        0.00176957203075,
        0.000844245019834,
        0.000919806829188,
        0.000736372254323,
        0.00106427678838,
        0.000608529953752,
        0.000588776078075,
        0.000510466110427,
        0.000388110871427,
        0.000223749142606,
        0.000159613700816,
        0.0001867950632,
        0.000197381217731,
        0.00027502773446,
        0.00045655950089,
        0.000194249834749,
        8.63761233632e-05,
        7.81721028034e-05,
        1.04619966805e-05
      ],
      "median": [
        2.16758644456e-06,
        0.00049806345487,
        0.00080452777911,
        0.000987623818219,
        0.00238757999614,
        0.00157396798022,
        0.000656545744278,
        0.000494319014251,
        0.000362696882803,
        0.00037472875556,
        0.000277764105704,
        0.000257080595475,
        0.00026897713542,
        0.000156520560267,
        0.000181013907422,
        0.000172249085153,
        0.000144247955177,
        8.42318186187e-05,
        6.4314903284e-05,
        5.74805708311e-05,
        5.04041163367e-05,
        7.28469094611e-05,
        0.000105101804365,
        4.709325367e-05,
        2.53448615695e-05,
        1.85634253285e-05,
        1.7039631075e-06
      ],
      "min": [
        1.15570627248e-24,
        6.89983817183e-24,
        4.69211409589e-25,
        6.76809721737e-25,
        7.98211352417e-24,
        1.84287705112e-23,
        1.5835391863e-23,
        1.13208434544e-23,
        1.31144441513e-23,
        2.29801713459e-23,
        1.44343969834e-23,
        4.73435471803e-23,
        4.67201640494e-23,
        4.94606920777e-23,
        5.27756907053e-23,
        1.02119527239e-22,
        9.94670802643e-23,
        1.17451581669e-22,
        1.47822676033e-22,
        2.1212146624e-22,
        3.02805987652e-22,
        3.80958828807e-22,
        5.19351032439e-22,
        6.75797725214e-22,
        9.04744546954e-22,
        1.39171209455e-21,
        2.08682643587e-21
      ],
      "var": [
        9.44544531478e-09,
        6.04765482421e-05,
        7.63148636906e-06,
        1.00320494312e-05,
        1.59896062542e-05,
        2.08466899494e-05,
        1.31307679112e-05,
        9.1652291303e-06,
        1.8088176148e-05,
        1.9927813355e-06,
        5.33845695827e-06,
        4.91396076541e-06,
        5.94627590544e-06,
        1.43806380493e-06,
        1.2475462654e-06,
        8.97105735476e-07,
        4.72300570209e-07,
        2.1749137602e-07,
        6.90316923624e-08,
        1.20688682159e-07,
        1.5772238271e-07,
        3.51220393213e-07,
        1.17400338695e-06,
        2.81248162537e-07,
        4.56527153858e-08,
        5.40184963427e-08,
        1.18059673149e-09
      ]
    },
    "barkbands_crest": {
      "dmean": 2.52392363548,
      "dmean2": 4.15527391434,
      "dvar": 6.39026021957,
      "dvar2": 16.7090778351,
      "max": 25.2413253784,
      "mean": 9.0767621994,
      "median": 8.35490131378,
      "min": 2.37600469589,
      "var": 14.2631349564
    },
    "barkbands_flatness_db": {
      "dmean": 0.0216249413788,
      "dmean2": 0.0332453101873,
      "dvar": 0.000511801510584,
      "dvar2": 0.00123812479433,
      "max": 0.362097233534,
      "mean": 0.126062184572,
      "median": 0.119786523283,
      "min": 0.0246943142265,
      "var": 0.00232848944142
    },
    "barkbands_kurtosis": {
      "dmean": 2.76852989197,
      "dmean2": 4.42041921616,
      "dvar": 38.8946762085,
      "dvar2": 99.6114273071,
      "max": 144.219787598,
      "mean": 3.9527657032,
      "median": 1.50428402424,
      "min": -1.90700113773,
      "var": 68.6444015503
    },
    "barkbands_skewness": {
      "dmean": 0.522763073444,
      "dmean2": 0.810493052006,
      "dvar": 0.389109939337,
      "dvar2": 0.913432121277,
      "max": 11.2514123917,
      "mean": 1.43634843826,
      "median": 1.28623580933,
      "min": -3.30640220642,
      "var": 1.35096681118
    },
    "barkbands_spread": {
      "dmean": 5.82832765579,
      "dmean2": 9.03190040588,
      "dvar": 62.034614563,
      "dvar2": 137.507949829,
      "max": 137.430282593,
      "mean": 23.2938022614,
      "median": 19.7016983032,
      "min": 1.03008651733,
      "var": 241.065505981
    },
    "dissonance": {
      "dmean": 0.0210369918495,
      "dmean2": 0.034964967519,
      "dvar": 0.000436421338236,
      "dvar2": 0.00111730804201,
      "max": 0.500000178814,
      "mean": 0.454126358032,
      "median": 0.46304038167,
      "min": 0.152773588896,
      "var": 0.00122005585581
    },
    "dynamic_complexity": 3.46545100212,
    "erbbands": {
      "dmean": [
        0.0586418956518,
        0.74406516552,
        1.44288146496,
        2.82179522514,
        6.91245365143,
        5.8781170845,
        6.87006759644,
        16.0996704102,
        13.6128129959,
        12.1519088745,
        14.3015031815,
        22.5512809753,
        11.8682899475,
        14.0006685257,
        20.5078907013,
        14.6323661804,
        23.3755836487,
        19.8293380737,
        19.6205539703,
        14.308713913,
        12.770072937,
        10.6414260864,
        7.15039968491,
        3.50955533981,
        4.86830711365,
        5.40941095352,
        4.7070350647,
        5.14831972122,
        5.25370836258,
        5.53704881668,
        8.34389686584,
        3.54593968391,
        1.38357019424,
        0.541507422924,
        0.426241070032,
        0.356815189123,
        0.0550164915621,
        0.0103677110747,
        0.00119662994985,
        0.00012792184134
      ],
      "dmean2": [
        0.0876103118062,
        1.26329362392,
        2.50971055031,
        4.77751874924,
        11.6788139343,
        9.36797618866,
        10.6333026886,
        25.4523048401,
        20.8735046387,
        18.5299549103,
        20.9025192261,
        34.1941223145,
        18.362033844,
        22.0113887787,
        31.6598587036,
        22.2428894043,
        35.1723136902,
        31.4261245728,
        31.5717258453,
        22.4441299438,
        20.0435333252,
        16.0346717834,
        10.9663991928,
        5.35126018524,
        7.94112443924,
        9.17004776001,
        7.52213001251,
        7.90556240082,
        8.25691223145,
        8.40461158752,
        12.7420663834,
        5.310131073,
        2.02206945419,
        0.781810164452,
        0.62656724453,
        0.540627837181,
        0.0815923139453,
        0.0153888501227,
        0.00181578507181,
        0.000205897871638
      ],
      "dvar": [
        0.0244780462235,
        4.81079292297,
        15.5839548111,
        22.7116241455,
        180.411056519,
        95.4096908569,
        165.081726074,
        1055.84228516,
        785.662109375,
        593.513244629,
        1735.36450195,
        3976.83496094,
        655.533691406,
        904.925109863,
        2955.75390625,
        1060.64086914,
        2746.3996582,
        1853.09338379,
        1890.90222168,
        985.296447754,
        660.879089355,
        505.291931152,
        269.401733398,
        52.2435455322,
        103.962127686,
        189.058547974,
        167.168441772,
        236.998413086,
        235.431503296,
        285.463500977,
        757.359558105,
        128.769897461,
        20.6791534424,
        3.05883526802,
        1.49944543839,
        1.75000715256,
        0.0290373750031,
        0.00129376712721,
        1.43268125612e-05,
        4.04881234317e-07
      ],
      "dvar2": [
        0.0530795194209,
        12.244345665,
        43.1256256104,
        61.5790557861,
        477.285583496,
        232.521652222,
        398.819976807,
        2674.82666016,
        1800.75549316,
        1328.22265625,
        3439.00488281,
        9928.87402344,
        1616.81408691,
        2248.85961914,
        6978.66503906,
        2513.39160156,
        5791.09228516,
        4587.79003906,
        4792.34375,
        2428.75219727,
        1596.51000977,
        1118.52404785,
        604.088317871,
        112.651496887,
        252.865478516,
        515.955749512,
        428.157043457,
        560.082824707,
        580.210327148,
        663.302185059,
        1786.7701416,
        298.365661621,
        43.8055801392,
        6.51458024979,
        3.39149355888,
        4.12506198883,
        0.0616194158792,
        0.00311552826315,
        3.66087551811e-05,
        1.06901620711e-06
      ],
      "max": [
        1.54173326492,
        21.1102161407,
        45.1310005188,
        56.4905700684,
        154.645950317,
        249.848449707,
        373.214874268,
        792.58416748,
        569.714355469,
        558.27355957,
        1173.64367676,
        1899.16479492,
        747.034362793,
        892.73059082,
        2203.84960938,
        1120.17565918,
        1720.72363281,
        824.187072754,
        807.521911621,
        845.258544922,
        452.810913086,
        542.565551758,
        478.552734375,
        215.687286377,
        243.919281006,
        153.723007202,
        169.789306641,
        290.191040039,
        296.78729248,
        620.067199707,
        504.945343018,
        277.075805664,
        113.340827942,
        52.7790870667,
        60.3442192078,
        28.2213172913,
        7.59827184677,
        0.807042241096,
        0.0627335160971,
        0.0144475512207
      ],
      "mean": [
        0.0604679398239,
        0.687962532043,
        1.84450745583,
        4.52929162979,
        10.0978212357,
        12.4602327347,
        14.8508071899,
        32.2959098816,
        30.4814357758,
        25.7581119537,
        29.8128128052,
        49.2031288147,
        25.6121921539,
        28.555109024,
        45.9748191833,
        30.4198493958,
        49.7906036377,
        39.3787384033,
        34.2889976501,
        26.2599849701,
        23.7204036713,
        20.9804019928,
        14.3820791245,
        7.82104301453,
        8.90799999237,
        8.32815551758,
        7.39610815048,
        9.01438903809,
        9.27598667145,
        10.1794233322,
        14.6327495575,
        6.17263126373,
        2.39486050606,
        0.933920741081,
        0.681532382965,
        0.510306894779,
        0.0813353285193,
        0.0144464336336,
        0.00147061957978,
        0.000151459971676
      ],
      "median": [
        0.00808527041227,
        0.139452666044,
        0.835602521896,
        2.75063109398,
        5.74821567535,
        7.18137025833,
        8.34065818787,
        14.40666008,
        11.6016530991,
        11.8002119064,
        10.1176452637,
        10.6315746307,
        11.9629917145,
        11.482336998,
        13.5195398331,
        13.9227657318,
        14.8096389771,
        12.6653938293,
        11.3625097275,
        9.6498041153,
        10.0815496445,
        7.84153461456,
        5.75695991516,
        3.53779768944,
        3.21395635605,
        2.62718486786,
        2.09425806999,
        2.23105454445,
        2.56541609764,
        2.69931173325,
        2.92034101486,
        1.43474209309,
        0.581194698811,
        0.270806878805,
        0.190063118935,
        0.116163872182,
        0.0211109165102,
        0.00320063484833,
        0.000288886250928,
        5.1360897487e-05
      ],
      "min": [
        3.14196836201e-22,
        6.14902207169e-22,
        1.22266887084e-21,
        1.42939202938e-21,
        1.10350586995e-20,
        3.95558802899e-20,
        5.50218894603e-20,
        8.93236671332e-20,
        1.86685552342e-19,
        3.18627516263e-19,
        4.3123331911e-19,
        2.59020674527e-19,
        3.14320903801e-19,
        1.07195503973e-18,
        1.11235619521e-18,
        1.86886508117e-18,
        2.29805808175e-18,
        2.21852094354e-18,
        2.80865061769e-18,
        5.13529482064e-18,
        6.257312382e-18,
        5.86775870356e-18,
        7.71835612128e-18,
        5.98691200284e-18,
        9.28118898443e-18,
        1.07457908411e-17,
        1.03548230974e-17,
        1.25055009619e-17,
        1.40221788012e-17,
        1.20414021802e-17,
        1.41587628639e-17,
        1.28587591958e-17,
        1.13923085904e-17,
        8.37006856486e-18,
        6.53629351925e-18,
        4.49172886533e-18,
        2.45617551699e-18,
        9.14517546951e-19,
        2.74934181947e-19,
        2.93882569797e-20
      ],
      "var": [
        0.027618099004,
        3.83156991005,
        11.8899278641,
        30.2595901489,
        199.04927063,
        249.172668457,
        395.057525635,
        2520.52319336,
        3029.71240234,
        1730.92114258,
        5938.80224609,
        13915.4208984,
        1794.15588379,
        2969.69042969,
        19178.7050781,
        2900.00708008,
        11950.8837891,
        4590.43359375,
        3772.81494141,
        2040.52124023,
        1372.58654785,
        1221.83569336,
        776.946228027,
        166.456878662,
        226.864776611,
        226.940536499,
        220.279647827,
        371.449279785,
        372.820892334,
        613.162963867,
        1294.73986816,
        246.482757568,
        46.7465896606,
        6.4030880928,
        2.81963467598,
        2.36987924576,
        0.0577388219535,
        0.00174852448981,
        1.48000444824e-05,
        3.14904497145e-07
      ]
    },
    "erbbands_crest": {
      "dmean": 2.34089064598,
      "dmean2": 3.73013997078,
      "dvar": 5.02226495743,
      "dvar2": 12.4440584183,
      "max": 29.6768436432,
      "mean": 8.87826251984,
      "median": 7.94678735733,
      "min": 2.37354564667,
      "var": 16.1100559235
    },
    "erbbands_flatness_db": {
      "dmean": 0.0196180511266,
      "dmean2": 0.0264488514513,
      "dvar": 0.000426176120527,
      "dvar2": 0.000780276372097,
      "max": 0.353915035725,
      "mean": 0.153647065163,
      "median": 0.148749530315,
      "min": 0.0173485632986,
      "var": 0.00188120396342
    },
    "erbbands_kurtosis": {
      "dmean": 1.00463533401,
      "dmean2": 1.53822803497,
      "dvar": 2.12440395355,
      "dvar2": 4.71453380585,
      "max": 36.9535293579,
      "mean": 0.934313237667,
      "median": 0.173692956567,
      "min": -1.7991271019,
      "var": 7.49885368347
    },
    "erbbands_skewness": {
      "dmean": 0.366418242455,
      "dmean2": 0.54394942522,
      "dvar": 0.143757671118,
      "dvar2": 0.306650161743,
      "max": 5.42036962509,
      "mean": 0.411547452211,
      "median": 0.383638560772,
      "min": -3.98894286156,
      "var": 0.781061291695
    },
    "erbbands_spread": {
      "dmean": 8.48802185059,
      "dmean2": 12.5737924576,
      "dvar": 102.246673584,
      "dvar2": 221.575073242,
      "max": 142.058258057,
      "mean": 38.850769043,
      "median": 33.4690055847,
      "min": 3.66711974144,
      "var": 440.822296143
    },
    "gfcc": {
      "cov": [
        [
          14908.5136719,
          -502.524169922,
          -832.898132324,
          562.847473145,
          -433.959381104,
          281.009277344,
          -318.006469727,
          179.102325439,
          -179.379623413,
          -26.3056087494,
          -143.533874512,
          19.2113246918,
          -153.064529419
        ],
        [
          -502.524169922,
          1702.51818848,
          -160.601577759,
          -307.68057251,
          372.380065918,
          -27.9368667603,
          124.226173401,
          -49.9983215332,
          105.047454834,
          16.9817733765,
          106.052001953,
          -11.7565021515,
          63.2114486694
        ],
        [
          -832.898132324,
          -160.601577759,
          890.419372559,
          91.5593032837,
          -24.1415081024,
          36.9157180786,
          60.9858474731,
          61.6859741211,
          -23.5917034149,
          16.0072059631,
          -10.1412372589,
          65.7040328979,
          20.5816764832
        ],
        [
          562.847473145,
          -307.68057251,
          91.5593032837,
          432.980957031,
          -31.5981388092,
          -27.6480579376,
          10.4688806534,
          16.2017192841,
          0.228535294533,
          1.98314762115,
          -23.5494384766,
          4.97421121597,
          16.7618923187
        ],
        [
          -433.959381104,
          372.380065918,
          -24.1415081024,
          -31.5981388092,
          434.420471191,
          69.7070388794,
          70.3119812012,
          40.4846076965,
          66.8634796143,
          49.4698143005,
          25.8401165009,
          -1.12940788269,
          48.8806800842
        ],
        [
          281.009277344,
          -27.9368667603,
          36.9157180786,
          -27.6480579376,
          69.7070388794,
          230.33744812,
          47.902141571,
          35.269859314,
          19.5550117493,
          34.1558074951,
          14.6884183884,
          12.0231781006,
          -11.1408557892
        ],
        [
          -318.006469727,
          124.226173401,
          60.9858474731,
          10.4688806534,
          70.3119812012,
          47.902141571,
          196.044250488,
          36.6828575134,
          6.96177625656,
          30.4465351105,
          25.6537590027,
          -8.18653202057,
          -1.23899972439
        ],
        [
          179.102325439,
          -49.9983215332,
          61.6859741211,
          16.2017192841,
          40.4846076965,
          35.269859314,
          36.6828575134,
          172.434036255,
          33.4132003784,
          -6.82011318207,
          22.9264087677,
          22.544670105,
          -4.97806358337
        ],
        [
          -179.379623413,
          105.047454834,
          -23.5917034149,
          0.228535294533,
          66.8634796143,
          19.5550117493,
          6.96177625656,
          33.4132003784,
          128.108230591,
          51.5729293823,
          17.7854366302,
          14.9567575455,
          12.8932542801
        ],
        [
          -26.3056087494,
          16.9817733765,
          16.0072059631,
          1.98314762115,
          49.4698143005,
          34.1558074951,
          30.4465351105,
          -6.82011318207,
          51.5729293823,
          127.722663879,
          28.6658782959,
          -0.126579910517,
          12.8976774216
        ],
        [
          -143.533874512,
          106.052001953,
          -10.1412372589,
          -23.5494384766,
          25.8401165009,
          14.6884183884,
          25.6537590027,
          22.9264087677,
          17.7854366302,
          28.6658782959,
          97.2778244019,
          25.7727451324,
          0.736563563347
        ],
        [
          19.2113246918,
          -11.7565021515,
          65.7040328979,
          4.97421121597,
          -1.12940788269,
          12.0231781006,
          -8.18653202057,
          22.544670105,
          14.9567575455,
          -0.126579910517,
          25.7727451324,
          84.8907852173,
          27.0278434753
        ],
        [
          -153.064529419,
          63.2114486694,
          20.5816764832,
          16.7618923187,
          48.8806800842,
          -11.1408557892,
          -1.23899972439,
          -4.97806358337,
          12.8932542801,
          12.8976774216,
          0.736563563347,
          27.0278434753,
          87.7363204956
        ]
      ],
      "icov": [
        [
          0.00010866701632,
          -0.000111103290692,
          0.000155705070938,
          -0.000238318607444,
          0.00015400115808,
          -0.000237728148932,
          0.000254447921179,
          -0.000311014358886,
          0.000377285643481,
          -0.000297212332953,
          0.000320057035424,
          -0.000233359460253,
          0.000206040887861
        ],
        [
          -0.000111103290692,
          0.00120988197159,
          -0.000152954569785,
          0.000932606344577,
          -0.000911330920644,
          0.000672725611366,
          -0.00091960222926,
          0.00109106791206,
          -0.00132999266498,
          0.00120622012764,
          -0.00143382849637,
          0.000679157790728,
          -0.000744787219446
        ],
        [
          0.000155705070938,
          -0.000152954569785,
          0.00155492522754,
          -0.00053729134379,
          0.000320798339089,
          -0.000407014449593,
          -6.25302927801e-05,
          -0.00087958725635,
          0.0011274672579,
          -0.000914383679628,
          0.00110388046596,
          -0.00156308372971,
          0.000279512692941
        ],
        [
          -0.000238318607444,
          0.000932606344577,
          -0.00053729134379,
          0.00342142349109,
          -0.000576579477638,
          0.00111942458898,
          -0.00119831343181,
          0.000831526354887,
          -0.00148528709542,
          0.000984145561233,
          -0.000707983854227,
          0.000782502465881,
          -0.0012831853237
        ],
        [
          0.00015400115808,
          -0.000911330920644,
          0.000320798339089,
          -0.000576579477638,
          0.00377123476937,
          -0.00133881089278,
          6.03380867688e-05,
          -0.0013671873603,
          4.29692263424e-05,
          -0.0011403625831,
          0.000854889687616,
          0.000395864452003,
          -0.00135544291697
        ],
        [
          -0.000237728148932,
          0.000672725611366,
          -0.000407014449593,
          0.00111942458898,
          -0.00133881089278,
          0.00584430014715,
          -0.0016056750901,
          0.000297744962154,
          -0.000947797787376,
          -0.000316115794703,
          -0.000610503251664,
          -0.000598546816036,
          0.000839690794237
        ],
        [
          0.000254447921179,
          -0.00091960222926,
          -6.25302927801e-05,
          -0.00119831343181,
          6.03380867688e-05,
          -0.0016056750901,
          0.00727826589718,
          -0.00222085928544,
          0.00221835053526,
          -0.00221189507283,
          -6.33316594758e-05,
          0.000811527774204,
          0.000839024258312
        ],
        [
          -0.000311014358886,
          0.00109106791206,
          -0.00087958725635,
          0.000831526354887,
          -0.0013671873603,
          0.000297744962154,
          -0.00222085928544,
          0.00875181984156,
          -0.0040219258517,
          0.00361696141772,
          -0.0029859461356,
          -0.000162220094353,
          0.000117886644148
        ],
        [
          0.000377285643481,
          -0.00132999266498,
          0.0011274672579,
          -0.00148528709542,
          4.29692263424e-05,
          -0.000947797787376,
          0.00221835053526,
          -0.0040219258517,
          0.0131393764168,
          -0.00637907162309,
          0.00255815777928,
          -0.0031362271402,
          0.0012460682774
        ],
        [
          -0.000297212332953,
          0.00120622012764,
          -0.000914383679628,
          0.000984145561233,
          -0.0011403625831,
          -0.000316115794703,
          -0.00221189507283,
          0.00361696141772,
          -0.00637907162309,
          0.0129051208496,
          -0.00499274488539,
          0.00319285178557,
          -0.00249325344339
        ],
        [
          0.000320057035424,
          -0.00143382849637,
          0.00110388046596,
          -0.000707983854227,
          0.000854889687616,
          -0.000610503251664,
          -6.33316594758e-05,
          -0.0029859461356,
          0.00255815777928,
          -0.00499274488539,
          0.0154915144667,
          -0.0062864581123,
          0.002908147173
        ],
        [
          -0.000233359460253,
          0.000679157790728,
          -0.00156308372971,
          0.000782502465881,
          0.000395864452003,
          -0.000598546816036,
          0.000811527774204,
          -0.000162220094353,
          -0.0031362271402,
          0.00319285178557,
          -0.0062864581123,
          0.0178106669337,
          -0.00641596550122
        ],
        [
          0.000206040887861,
          -0.000744787219446,
          0.000279512692941,
          -0.0012831853237,
          -0.00135544291697,
          0.000839690794237,
          0.000839024258312,
          0.000117886644148,
          0.0012460682774,
          -0.00249325344339,
          0.002908147173,
          -0.00641596550122,
          0.0154892252758
        ]
      ],
      "mean": [
        -2.51102924347,
        82.2696456909,
        -106.375785828,
        14.7439842224,
        -65.3207015991,
        12.255572319,
        -44.8882637024,
        -4.07361268997,
        -22.7970466614,
        -1.79486703873,
        -20.2917671204,
        3.0665409565,
        -16.7637500763
      ]
    },
    "hfc": {
      "dmean": 7.55412197113,
      "dmean2": 10.9547977448,
      "dvar": 237.275985718,
      "dvar2": 522.534484863,
      "max": 267.102996826,
      "mean": 25.033908844,
      "median": 17.5890369415,
      "min": 1.10258576529e-16,
      "var": 676.278930664
    },
    "melbands": {
      "dmean": [
        0.000688509724569,
        0.000824508315418,
        0.000626505585387,
        0.000448171515018,
        0.000242575173615,
        0.000334815384122,
        0.000205108881346,
        0.000133310633828,
        0.000117607902212,
        0.000144327772432,
        5.89142291574e-05,
        5.86977876083e-05,
        6.03580447205e-05,
        5.02057700942e-05,
        3.47176064679e-05,
        5.95747587795e-05,
        3.89530541725e-05,
        3.19949613186e-05,
        2.15254603972e-05,
        2.74973463092e-05,
        1.33008443299e-05,
        1.34446945594e-05,
        8.55188955029e-06,
        4.99017869515e-06,
        2.96170355796e-06,
        3.37656365446e-06,
        4.34867888544e-06,
        3.66889980796e-06,
        3.68416090168e-06,
        2.12935924537e-06,
        3.71420537704e-06,
        3.0978394534e-06,
        3.24301845467e-06,
        3.16477644446e-06,
        5.29513954461e-06,
        3.69937902178e-06,
        1.79301514436e-06,
        1.09232905743e-06,
        6.41637370791e-07,
        4.20052288064e-07
      ],
      "dmean2": [
        0.00109807308763,
        0.00139475439209,
        0.00105106912088,
        0.000738264992833,
        0.000376390788006,
        0.000527681550011,
        0.000314604287269,
        0.000202084484044,
        0.000171020583366,
        0.000219639608986,
        9.07999201445e-05,
        9.23883198993e-05,
        9.35247517191e-05,
        7.66575758462e-05,
        5.26819712832e-05,
        9.04041298782e-05,
        6.22609004495e-05,
        5.15866922797e-05,
        3.35607255693e-05,
        4.38742463302e-05,
        2.10736634472e-05,
        2.03733306989e-05,
        1.32235491037e-05,
        7.9140672824e-06,
        4.59457532997e-06,
        5.27135671291e-06,
        7.18861883797e-06,
        6.30247313893e-06,
        6.12196618022e-06,
        3.19880450661e-06,
        5.89732007938e-06,
        4.96535994898e-06,
        5.13728991791e-06,
        4.88060913995e-06,
        8.15210569272e-06,
        5.70147949475e-06,
        2.75220736512e-06,
        1.62136598192e-06,
        9.55311179496e-07,
        6.21330457307e-07
      ],
      "dvar": [
        3.70210227629e-06,
        5.22065238329e-06,
        1.30942510168e-06,
        4.77720334402e-07,
        1.75690473725e-07,
        4.30246927863e-07,
        1.72021074718e-07,
        6.85641552423e-08,
        1.28340062133e-07,
        1.63210259529e-07,
        1.62583440044e-08,
        1.61077995386e-08,
        2.17559232851e-08,
        1.80985413323e-08,
        5.28130694732e-09,
        2.02860945819e-08,
        8.04861244319e-09,
        4.98776620006e-09,
        2.87459167581e-09,
        4.4744226102e-09,
        8.20005618962e-10,
        8.96623664204e-10,
        4.77008710309e-10,
        1.21356882876e-10,
        4.05240285772e-11,
        5.22285860394e-11,
        9.85997256064e-11,
        9.53934362058e-11,
        1.19090015627e-10,
        2.61942464247e-11,
        1.39449951586e-10,
        8.12897874014e-11,
        9.67532373664e-11,
        9.65416080412e-11,
        2.99686525596e-10,
        1.40465306053e-10,
        3.79412126716e-11,
        1.29191787476e-11,
        5.18998342566e-12,
        1.72876264085e-12
      ],
      "dvar2": [
        8.80947482074e-06,
        1.34787969728e-05,
        3.40249289366e-06,
        1.26224756514e-06,
        4.29081353559e-07,
        1.08773122065e-06,
        3.95525660224e-07,
        1.52295996259e-07,
        2.53822975083e-07,
        4.08168062904e-07,
        3.94778574275e-08,
        3.99418595975e-08,
        5.09897546408e-08,
        4.06716473833e-08,
        1.22501466748e-08,
        4.35711058344e-08,
        2.00523579963e-08,
        1.26143975265e-08,
        6.75185285459e-09,
        1.1265996136e-08,
        1.99610528107e-09,
        1.98570027088e-09,
        1.07203879107e-09,
        2.84692214247e-10,
        9.07975222786e-11,
        1.15716172755e-10,
        2.54465670757e-10,
        2.61431404303e-10,
        3.19469256604e-10,
        6.01619448704e-11,
        3.39082956158e-10,
        2.02848723929e-10,
        2.37956460092e-10,
        2.26572663409e-10,
        7.1135475288e-10,
        3.37118333249e-10,
        8.90100840256e-11,
        2.80847775591e-11,
        1.11168496283e-11,
        3.81898289034e-12
      ],
      "max": [
        0.0178032647818,
        0.0230958610773,
        0.0132840098813,
        0.00982069224119,
        0.011453657411,
        0.0154897095636,
        0.00964398961514,
        0.00633332505822,
        0.011318414472,
        0.0120746912435,
        0.00369396898896,
        0.00328848743811,
        0.00537636317313,
        0.0077166184783,
        0.00196003960446,
        0.00472296494991,
        0.00183550128713,
        0.00135207269341,
        0.00173969462048,
        0.001854116912,
        0.000815347302705,
        0.0006336698425,
        0.000644553627353,
        0.000360127975,
        0.000175648878212,
        0.000199349029572,
        0.000243686823524,
        0.000119538803119,
        0.000128829793539,
        9.31675604079e-05,
        0.000247374497121,
        0.000185350290849,
        0.000212895305594,
        0.000435164663941,
        0.00034564154339,
        0.000232583464822,
        0.000171008388861,
        8.94065378816e-05,
        8.39205094962e-05,
        4.48050668638e-05
      ],
      "mean": [
        0.000671352900099,
        0.000980682903901,
        0.000981169403531,
        0.000831341953017,
        0.000541539571714,
        0.000688857282512,
        0.00045363677782,
        0.00027877028333,
        0.000236391409999,
        0.00030822851113,
        0.000118144293083,
        0.000111407993245,
        0.000132079716423,
        0.000102915262687,
        6.80355806253e-05,
        0.000123165940749,
        6.67959175189e-05,
        5.3678999393e-05,
        3.60942212865e-05,
        4.34332177974e-05,
        2.35752268054e-05,
        2.40045083046e-05,
        1.61908465088e-05,
        9.16338922252e-06,
        5.8651476138e-06,
        6.16168154011e-06,
        6.67245694785e-06,
        5.24981578565e-06,
        4.8836377573e-06,
        3.99926739192e-06,
        5.96824656895e-06,
        5.13071336172e-06,
        5.44104432265e-06,
        5.57350358577e-06,
        9.05764773051e-06,
        6.15219278188e-06,
        2.92612116937e-06,
        1.79128289801e-06,
        1.05963090391e-06,
        6.79116055835e-07
      ],
      "median": [
        0.000109083550342,
        0.000382288941182,
        0.000584320398048,
        0.000531167315785,
        0.000324458087562,
        0.000315906159813,
        0.000167842124938,
        0.000124003607198,
        6.84545884724e-05,
        6.18172198301e-05,
        5.41945737496e-05,
        4.00465360144e-05,
        3.8300127926e-05,
        3.97830408474e-05,
        2.79838277493e-05,
        2.84729594568e-05,
        1.79957060027e-05,
        1.61053994816e-05,
        1.10667424451e-05,
        1.36710332299e-05,
        9.92395325738e-06,
        8.20215609565e-06,
        5.15438023285e-06,
        3.73682246391e-06,
        2.46004287874e-06,
        2.23209713113e-06,
        1.97277972802e-06,
        1.52398627051e-06,
        1.23592064938e-06,
        1.06524510102e-06,
        1.31943511406e-06,
        1.3910398593e-06,
        1.34701224397e-06,
        1.40920485592e-06,
        1.7032471078e-06,
        1.29815623495e-06,
        6.38929350316e-07,
        4.02721127557e-07,
        2.5478243515e-07,
        1.95605537101e-07
      ],
      "min": [
        2.46726286363e-24,
        1.11406151644e-24,
        6.51202409285e-25,
        1.87946623428e-24,
        1.85119760096e-24,
        2.37006316998e-24,
        2.84659846282e-24,
        3.55754219592e-24,
        4.02748754198e-24,
        1.42263501053e-24,
        1.37394543077e-24,
        3.55229193217e-24,
        2.10601742272e-24,
        3.67337379808e-24,
        3.07191863381e-24,
        3.88355553109e-24,
        3.56597038584e-24,
        2.87449002063e-24,
        4.84089030439e-24,
        8.40248330106e-24,
        5.84981421431e-24,
        5.29298096715e-24,
        4.36764475874e-24,
        5.18711504481e-24,
        3.90456960231e-24,
        6.22521694746e-24,
        4.92490911839e-24,
        6.31106355218e-24,
        5.4434999666e-24,
        6.33518257993e-24,
        7.06749793546e-24,
        6.96817167002e-24,
        7.64303270811e-24,
        6.31258684259e-24,
        7.51717310613e-24,
        7.43000713154e-24,
        7.36174699741e-24,
        7.42959219071e-24,
        7.77021365211e-24,
        5.89993370307e-24
      ],
      "var": [
        3.52589972863e-06,
        4.2853080231e-06,
        1.61040441071e-06,
        8.8296769718e-07,
        4.513637748e-07,
        1.07468463284e-06,
        6.81335961872e-07,
        2.07184740475e-07,
        4.3518676307e-07,
        5.66621906728e-07,
        4.17593000179e-08,
        4.90919696006e-08,
        1.31139614723e-07,
        8.85892958991e-08,
        1.30504416163e-08,
        9.23749041704e-08,
        1.70547860279e-08,
        9.71653069115e-09,
        5.42246070268e-09,
        7.33005567355e-09,
        1.49762346968e-09,
        1.8784402922e-09,
        1.21233445505e-09,
        3.07974590275e-10,
        1.08673930965e-10,
        1.15284518043e-10,
        1.72644121221e-10,
        1.03359078241e-10,
        1.23860199874e-10,
        5.21973991807e-11,
        1.95151131366e-10,
        1.18881182676e-10,
        1.65966421162e-10,
        2.08328798657e-10,
        5.12283382381e-10,
        2.2836757485e-10,
        6.94384272304e-11,
        2.75790102561e-11,
        1.06879383815e-11,
        3.25429288552e-12
      ]
    },
    "melbands_crest": {
      "dmean": 3.1491420269,
      "dmean2": 5.11263799667,
      "dvar": 8.32692718506,
      "dvar2": 20.0943336487,
      "max": 34.4391822815,
      "mean": 12.6503095627,
      "median": 11.8471050262,
      "min": 1.6457477808,
      "var": 21.2724819183
    },
    "melbands_flatness_db": {
      "dmean": 0.0268523488194,
      "dmean2": 0.0415685623884,
      "dvar": 0.000837176281493,
      "dvar2": 0.00199266150594,
      "max": 0.497891098261,
      "mean": 0.190787300467,
      "median": 0.183382183313,
      "min": 0.00386204943061,
      "var": 0.00459091132507
    },
    "melbands_kurtosis": {
      "dmean": 6.40395736694,
      "dmean2": 10.243221283,
      "dvar": 260.426422119,
      "dvar2": 658.048156738,
      "max": 552.501464844,
      "mean": 11.0629434586,
      "median": 6.36799049377,
