{
  "lowlevel": {
    "average_loudness": 0.776652634144,
    "barkbands": {
      "dmean": [
        0.00130626105238,
        0.00627853255719,
        0.00198941817507,
        0.000947920954786,
        0.00131228391547,
        0.00105831306428,
        0.000927242159378,
        0.000753029657062,
        0.000992618384771,
        0.000762140494771,
        0.000571409182157,
        0.000560750020668,
        0.000238156615524,
        0.000256406725384,
        0.00025662756525,
        0.000273689132882,
        0.00020408364071,
        0.0002512797073,
        0.000249326549238,
        0.000162641736097,
        0.00022036844166,
        0.000328951398842,
        0.000345003238181,
        0.00010356567509,
        1.88500098375e-06,
        0.000407324434491,
        0.000634122814517
      ],
      "dmean2": [
        0.00226352014579,
        0.0104736192152,
        0.00346612324938,
        0.00157348392531,
        0.0021297854837,
        0.00168216542806,
        0.00143539882265,
        0.0012431332143,
        0.00164582463913,
        0.00122855987865,
        0.000940864090808,
        0.000921850791201,
        0.000394004484406,
        0.000433611741755,
        0.000425112928497,
        0.000445390702225,
        0.000340389437042,
        0.000403396697948,
        0.000381572113838,
        0.000248445547186,
        0.000344936852343,
        0.000534582242835,
        0.000559142208658,
        0.0001666462922,
        3.07919663101e-06,
        0.000659935467411,
        0.000960078206845
      ],
      "dvar": [
        3.98017618863e-06,
        0.000136892660521,
        1.54364934133e-05,
        5.19352079209e-06,
        9.71078497969e-06,
        1.28857736854e-05,
        6.56613519823e-06,
        7.53435369916e-06,
        7.07180470272e-06,
        2.83130589196e-06,
        1.92017387235e-06,
        1.64461334862e-06,
        1.83382681485e-07,
        2.24916774982e-07,
        2.21969770564e-07,
        3.10330932507e-07,
        1.46096951426e-07,
        2.41767224907e-07,
        4.2456946403e-07,
        1.32932854058e-07,
        1.82265267767e-07,
        5.05076343416e-07,
        5.5606017213e-07,
        5.1777693244e-08,
        1.51227797646e-11,
        7.24660594642e-07,
        1.04982893845e-06
      ],
      "dvar2": [
        1.07601626951e-05,
        0.000348014960764,
        4.18331546825e-05,
        1.26974800878e-05,
        2.35506977333e-05,
        3.09158531309e-05,
        1.39761023092e-05,
        1.89450747712e-05,
        1.8120796085e-05,
        6.91838022249e-06,
        4.74096077596e-06,
        4.14654550696e-06,
        4.49164161864e-07,
        5.69682924834e-07,
        5.39851043868e-07,
        7.65111167311e-07,
        3.76484166509e-07,
        5.67435620269e-07,
        8.90595515557e-07,
        2.60937156327e-07,
        4.06298340749e-07,
        1.18050388664e-06,
        1.32496450078e-06,
        1.24669810475e-07,
        3.59647901738e-11,
        1.73417049609e-06,
        2.14230362872e-06
      ],
      "max": [
        0.0335715413094,
        0.148610681295,
        0.0720511451364,
        0.0882628709078,
        0.142015382648,
        0.171214133501,
        0.121245108545,
        0.103073172271,
        0.0563565827906,
        0.0505287349224,
        0.0535910315812,
        0.0270932540298,
        0.00781283900142,
        0.00961308460683,
        0.0170532967895,
        0.0244441088289,
        0.00567250233144,
        0.012015982531,
        0.0295722130686,
        0.0148961693048,
        0.00519513245672,
        0.00670940056443,
        0.018955938518,
        0.00240459782071,
        0.000117157796922,
        0.0144677152857,
        0.0245650727302
      ],
      "mean": [
        0.00163247273304,
        0.00704686995596,
        0.00201286980882,
        0.00116429978516,
        0.00192931783386,
        0.00138531834818,
        0.00135526736267,
        0.000891141418833,
        0.00123604224063,
        0.00109747471288,
        0.000763300282415,
        0.000775541411713,
        0.000344613246853,
        0.000353397423169,
        0.000404783990234,
        0.000412312831031,
        0.000256874220213,
        0.000296339712804,
        0.000300587969832,
        0.000232719743508,
        0.000250546465395,
        0.000302636006381,
        0.000335200311383,
        0.000102618927485,
        1.96699738808e-06,
        0.000400566408643,
        0.00131018843967
      ],
      "median": [
        0.000782784831244,
        0.0025298949331,
        0.000694812973961,
        0.000349617184838,
        0.000729323888663,
        0.000382168596843,
        0.0003339429677,
        0.000237313535763,
        0.000335923279636,
        0.000347048044205,
        0.00029299169546,
        0.00029054962215,
        0.000166891666595,
        0.000156987574883,
        0.000215908556129,
        0.000214371102629,
        0.000120856391732,
        0.000110411092464,
        9.08105357666e-05,
        7.55678047426e-05,
        6.90706656314e-05,
        5.1353687013e-05,
        5.39277971257e-05,
        1.85932531167e-05,
        7.03064529262e-07,
        8.0520992924e-05,
        0.000851979886647
      ],
      "min": [
        4.59766871009e-25,
        1.03019860107e-24,
        1.74168083035e-24,
        3.0408485582e-24,
        2.29447309809e-23,
        1.52223112556e-23,
        2.88828577791e-23,
        1.13105361978e-23,
        2.39911675934e-23,
        1.24691220098e-23,
        4.08521338535e-23,
        3.35855069152e-23,
        2.82783536674e-23,
        5.93801856651e-23,
        4.50777114685e-23,
        9.71323422857e-23,
        1.26898336159e-22,
        1.43881224027e-22,
        1.57177670222e-22,
        1.58438282571e-22,
        2.62358122925e-22,
        3.99666898678e-22,
        4.369166077e-22,
        6.56456774327e-22,
        1.03264946963e-21,
        1.54201420458e-21,
        2.20654830873e-21
      ],
      "var": [
        5.19919876751e-06,
        0.000142367658555,
        1.40922020364e-05,
        7.99515237304e-06,
        1.4712394659e-05,
        1.77254805749e-05,
        1.6886207959e-05,
        8.41652672534e-06,
        7.68108202465e-06,
        5.06222750118e-06,
        2.56380894825e-06,
        2.03375543606e-06,
        2.63760028929e-07,
        2.91572661126e-07,
        3.83449560104e-07,
        4.37650925278e-07,
        1.51253530589e-07,
        2.9476831287e-07,
        6.88201453158e-07,
        2.43292191726e-07,
        2.15619223809e-07,
        4.71236234034e-07,
        5.63210790006e-07,
        5.00167196549e-08,
        1.58286109914e-11,
        7.00090652117e-07,
        2.43395561483e-06
      ]
    },
    "barkbands_crest": {
      "dmean": 3.33379769325,
      "dmean2": 5.52424001694,
      "dvar": 8.76561355591,
      "dvar2": 22.0409145355,
      "max": 25.1210670471,
      "mean": 9.42165756226,
      "median": 8.37119960785,
      "min": 2.12658214569,
      "var": 20.2517871857
    },
    "barkbands_flatness_db": {
      "dmean": 0.0280348975211,
      "dmean2": 0.043569304049,
      "dvar": 0.000773722364102,
      "dvar2": 0.00164237932768,
      "max": 0.451592326164,
      "mean": 0.109067931771,
      "median": 0.098648108542,
      "min": 0.023374684155,
      "var": 0.00257048523054
    },
    "barkbands_kurtosis": {
      "dmean": 4.62346553802,
      "dmean2": 7.38767910004,
      "dvar": 112.21723175,
      "dvar2": 267.817474365,
      "max": 354.014648438,
      "mean": 5.54431867599,
      "median": 1.7619600296,
      "min": -1.86200284958,
      "var": 177.7996521
    },
    "barkbands_skewness": {
      "dmean": 0.754910230637,
      "dmean2": 1.18139672279,
      "dvar": 0.787382900715,
      "dvar2": 1.69378042221,
      "max": 15.6085758209,
      "mean": 1.74304485321,
      "median": 1.48233270645,
      "min": -2.59496259689,
      "var": 2.00591874123
    },
    "barkbands_spread": {
      "dmean": 13.9778938293,
      "dmean2": 22.2024288177,
      "dvar": 213.664794922,
      "dvar2": 480.440612793,
      "max": 128.577377319,
      "mean": 44.6955757141,
      "median": 42.3042182922,
      "min": 0.748952448368,
      "var": 518.823852539
    },
    "dissonance": {
      "dmean": 0.0166995171458,
      "dmean2": 0.0281575396657,
      "dvar": 0.000291187723633,
      "dvar2": 0.000784610281698,
      "max": 0.500000059605,
      "mean": 0.474970519543,
      "median": 0.481285691261,
      "min": 0.255132764578,
      "var": 0.000492535647936
    },
    "dynamic_complexity": 3.93563961983,
    "erbbands": {
      "dmean": [
        0.199158996344,
        1.43985641003,
        2.55383372307,
        2.64061951637,
        3.39495944977,
        5.16521120071,
        5.72592639923,
        9.95566940308,
        12.9284648895,
        14.4485778809,
        17.7783565521,
        23.1402072906,
        21.2881202698,
        22.7772445679,
        24.3244400024,
        19.368106842,
        11.6445055008,
        12.4599437714,
        12.4752883911,
        13.9322052002,
        13.1289081573,
        11.1303548813,
        14.1687612534,
        12.8268556595,
        10.8889503479,
        7.64483261108,
        8.36742591858,
        8.96893501282,
        10.7271165848,
        12.2725009918,
        9.40966892242,
        3.48245453835,
        1.198320508,
        0.0757615938783,
        0.023286094889,
        0.337846815586,
        0.882105946541,
        0.542748391628,
        0.073052354157,
        0.0102639710531
      ],
      "dmean2": [
        0.333596855402,
        2.43261051178,
        4.41642475128,
        4.43921422958,
        5.54701375961,
        8.47467327118,
        9.21015644073,
        15.8997716904,
        19.9344463348,
        23.550195694,
        29.3331832886,
        38.6488037109,
        34.6115760803,
        36.4024658203,
        40.3598823547,
        31.6388282776,
        19.1122112274,
        21.1092662811,
        20.6485671997,
        22.7386741638,
        21.2883625031,
        18.3399848938,
        22.9392528534,
        19.8505897522,
        16.6004123688,
        11.6776218414,
        12.8334436417,
        14.1093397141,
        17.4430751801,
        20.0829410553,
        15.2440910339,
        5.62777996063,
        1.9484796524,
        0.121876865625,
        0.0373874269426,
        0.553474366665,
        1.43143343925,
        0.877464652061,
        0.109755888581,
        0.0151538662612
      ],
      "dvar": [
        0.124272853136,
        8.12282562256,
        25.7752990723,
        30.1334209442,
        79.2572631836,
        187.766693115,
        324.950195312,
        1279.61157227,
        1655.99694824,
        1237.31359863,
        4428.69433594,
        3974.21142578,
        2396.34472656,
        2501.41650391,
        3464.3190918,
        1804.2364502,
        477.239746094,
        518.60369873,
        485.747802734,
        792.71862793,
        659.285766602,
        418.798248291,
        741.299865723,
        1043.78601074,
        843.139282227,
        304.436798096,
        241.724639893,
        320.623809814,
        542.113647461,
        729.320068359,
        402.759613037,
        57.8328895569,
        7.17148637772,
        0.0220531709492,
        0.00153711799067,
        0.528587400913,
        3.47735953331,
        1.3214161396,
        0.0192081816494,
        0.000252700905548
      ],
      "dvar2": [
        0.317356556654,
        21.2088317871,
        68.8207168579,
        78.095489502,
        200.258728027,
        458.078094482,
        750.050109863,
        3079.95947266,
        3396.84570312,
        3044.20556641,
        11245.1953125,
        10442.6328125,
        6127.09667969,
        5811.48681641,
        8801.75683594,
        4411.62451172,
        1160.0982666,
        1313.44848633,
        1198.86694336,
        1858.00854492,
        1648.18591309,
        1052.16760254,
        1784.68481445,
        2236.25244141,
        1786.07861328,
        598.929260254,
        524.02142334,
        708.545776367,
        1266.22973633,
        1738.68920898,
        959.566833496,
        140.737167358,
        17.2498531342,
        0.0510988086462,
        0.00339713995345,
        1.26748669147,
        8.39487266541,
        3.13744711876,
        0.0388406738639,
        0.000488211080665
      ],
      "max": [
        5.02474164963,
        32.8027534485,
        88.7676849365,
        207.820114136,
        427.245758057,
        740.169616699,
        914.879638672,
        1832.92822266,
        2150.85522461,
        1055.38562012,
        2647.16015625,
        1196.31396484,
        1170.32775879,
        1978.42980957,
        1915.23205566,
        975.668640137,
        450.282043457,
        437.117828369,
        597.920532227,
        1390.71789551,
        1083.63220215,
        338.139801025,
        435.417114258,
        1101.07470703,
        1317.62768555,
        767.751281738,
        235.979385376,
        269.66973877,
        232.239593506,
        707.090637207,
        375.716766357,
        80.3297653198,
        30.1492176056,
        1.59244906902,
        0.82805198431,
        5.96752882004,
        19.6470108032,
        17.8579959869,
        3.41853904724,
        0.53736448288
      ],
      "mean": [
        0.232568711042,
        1.45455276966,
        2.56894469261,
        3.32812905312,
        4.8158249855,
        6.99198293686,
        7.86617898941,
        12.9116792679,
        19.0621299744,
        19.3458957672,
        21.2931632996,
        28.5374031067,
        30.5775032043,
        33.9861488342,
        34.2432022095,
        27.8704280853,
        17.5043449402,
        18.0491847992,
        19.4837646484,
        23.1730175018,
        19.8456764221,
        14.6179599762,
        16.4482421875,
        15.8778028488,
        13.9941549301,
        10.888874054,
        10.3922557831,
        9.58847618103,
        10.0735807419,
        11.4026727676,
        9.17833995819,
        3.47949457169,
        1.11744344234,
        0.0765889286995,
        0.0256427470595,
        0.307213038206,
        0.859312236309,
        0.535076856613,
        0.113282181323,
        0.0318849720061
      ],
      "median": [
        0.0895337164402,
        0.438423067331,
        0.961094677448,
        1.28441178799,
        1.58891117573,
        2.52698516846,
        2.78586506844,
        3.35423564911,
        4.31157684326,
        5.91832542419,
        5.68309593201,
        7.7808470726,
        10.315369606,
        12.8949298859,
        13.2285881042,
        11.7783660889,
        8.56047344208,
        8.78077983856,
        10.3161706924,
        12.8902330399,
        10.8630886078,
        7.07765817642,
        6.45456457138,
        5.09019088745,
        4.36128807068,
        3.53659653664,
        3.1953895092,
        2.28804564476,
        1.82337975502,
        1.77884078026,
        1.51326334476,
        0.734781384468,
        0.161279916763,
        0.0197709016502,
        0.0095256306231,
        0.0377821810544,
        0.179245725274,
        0.107815444469,
        0.0464246347547,
        0.0243043042719
      ],
      "min": [
        3.26663829864e-23,
        3.66973826949e-22,
        2.61395475331e-21,
        8.89602860439e-21,
        1.79339332241e-20,
        5.7083915018e-20,
        7.87901294931e-20,
        1.5017865979e-19,
        3.13039807828e-19,
        4.00806514253e-19,
        3.53924657169e-19,
        6.13080937618e-19,
        4.93814107792e-19,
        6.77058963602e-19,
        1.27453208874e-18,
        1.82683665463e-18,
        1.75315678234e-18,
        3.21472061143e-18,
        4.26531298806e-18,
        5.01714406425e-18,
        5.26052748383e-18,
        7.6363775595e-18,
        7.88229918279e-18,
        6.94178324579e-18,
        7.62019790671e-18,
        7.44503744892e-18,
        9.45489029562e-18,
        1.38760383208e-17,
        1.35775634317e-17,
        1.39589424977e-17,
        1.34787194844e-17,
        1.19238747044e-17,
        1.10076001224e-17,
        8.17102905714e-18,
        7.62902557821e-18,
        4.97069332336e-18,
        2.30458887948e-18,
        1.16142930544e-18,
        2.55567221319e-19,
        3.17436666987e-20
      ],
      "var": [
        0.145545095205,
        7.27904176712,
        22.0771312714,
        41.7115631104,
        104.520462036,
        253.273071289,
        483.759979248,
        1635.77404785,
        4405.92724609,
        2103.74414062,
        4444.65380859,
        4058.21166992,
        3835.12231445,
        4169.03564453,
        4424.73339844,
        2360.62231445,
        691.931274414,
        705.079162598,
        739.36541748,
        1304.98815918,
        895.908447266,
        459.714385986,
        824.345031738,
        1575.76269531,
        1435.08618164,
        535.136901855,
        337.970184326,
        356.287384033,
        508.944061279,
        693.242736816,
        406.829498291,
        55.0643348694,
        6.70602941513,
        0.02278659679,
        0.0018153116107,
        0.492493480444,
        3.28375577927,
        1.2740073204,
        0.0357544571161,
        0.00102835788857
      ]
    },
    "erbbands_crest": {
      "dmean": 2.46001315117,
      "dmean2": 4.09079647064,
      "dvar": 5.94294595718,
      "dvar2": 14.8181171417,
      "max": 30.3117866516,
      "mean": 7.23966598511,
      "median": 6.29903936386,
      "min": 2.36372113228,
      "var": 12.282875061
    },
    "erbbands_flatness_db": {
      "dmean": 0.0224465634674,
      "dmean2": 0.0341864526272,
      "dvar": 0.000500276393723,
      "dvar2": 0.00102868361864,
      "max": 0.359432190657,
      "mean": 0.118789568543,
      "median": 0.109983563423,
      "min": 0.0345439426601,
      "var": 0.00177513132803
    },
    "erbbands_kurtosis": {
      "dmean": 1.1486364603,
      "dmean2": 1.89986097813,
      "dvar": 3.10370111465,
      "dvar2": 7.88123559952,
      "max": 63.8776168823,
      "mean": 0.68498980999,
      "median": 0.226955652237,
      "min": -1.81651008129,
      "var": 4.69363832474
    },
    "erbbands_skewness": {
      "dmean": 0.473507523537,
      "dmean2": 0.75458240509,
      "dvar": 0.226771086454,
      "dvar2": 0.502347230911,
      "max": 4.75931501389,
      "mean": 0.187299191952,
      "median": 0.195225849748,
      "min": -5.08193492889,
      "var": 0.624170184135
    },
    "erbbands_spread": {
      "dmean": 10.6545419693,
      "dmean2": 17.0915927887,
      "dvar": 134.473083496,
      "dvar2": 334.637573242,
      "max": 139.739334106,
      "mean": 37.8541603088,
      "median": 35.3304367065,
      "min": 3.4171640873,
      "var": 349.812133789
    },
    "gfcc": {
      "cov": [
        [
          15795.3544922,
          -586.276000977,
          -195.617080688,
          460.583496094,
          -289.967407227,
          190.780639648,
          45.3991508484,
          -70.16822052,
          81.5252914429,
          -160.941726685,
          -161.676345825,
          179.926177979,
          -559.083557129
        ],
        [
          -586.276000977,
          1681.1940918,
          1.43258953094,
          -518.689819336,
          384.117218018,
          42.0203323364,
          17.0001659393,
          -20.3190231323,
          63.1632499695,
          -63.6903648376,
          72.6186599731,
          -228.996887207,
          227.391662598
        ],
        [
          -195.617080688,
          1.43258953094,
          578.329650879,
          346.239868164,
          -65.2980270386,
          94.9916381836,
          -111.708732605,
          27.7017860413,
          -66.3868026733,
          3.87337779999,
          -14.7194519043,
          15.6463832855,
          -49.9112014771
        ],
        [
          460.583496094,
          -518.689819336,
          346.239868164,
          582.098571777,
          -51.5147247314,
          16.6796913147,
          -11.4430456161,
          -5.14737653732,
          -64.4295425415,
          5.84031009674,
          -36.9894866943,
          82.156791687,
          -144.462524414
        ],
        [
          -289.967407227,
          384.117218018,
          -65.2980270386,
          -51.5147247314,
          374.622711182,
          116.778091431,
          46.9201622009,
          55.7810668945,
          11.5675754547,
          -32.7726211548,
          44.6300506592,
          -80.7970504761,
          69.482460022
        ],
        [
          190.780639648,
          42.0203323364,
          94.9916381836,
          16.6796913147,
          116.778091431,
          292.451843262,
          1.21808588505,
          120.065223694,
          -1.844363451,
          3.90161824226,
          6.23137331009,
          -17.5361003876,
          -11.4883575439
        ],
        [
          45.3991508484,
          17.0001659393,
          -111.708732605,
          -11.4430456161,
          46.9201622009,
          1.21808588505,
          190.231674194,
          13.9277582169,
          53.8739547729,
          21.1526966095,
          4.6385974884,
          8.06872463226,
          -17.0402469635
        ],
        [
          -70.16822052,
          -20.3190231323,
          27.7017860413,
          -5.14737653732,
          55.7810668945,
          120.065223694,
          13.9277582169,
          168.537216187,
          39.5139160156,
          39.6187973022,
          22.6077823639,
          -21.5740203857,
          8.12309265137
        ],
        [
          81.5252914429,
          63.1632499695,
          -66.3868026733,
          -64.4295425415,
          11.5675754547,
          -1.844363451,
          53.8739547729,
          39.5139160156,
          117.551803589,
          49.6256256104,
          20.2380027771,
          6.59883546829,
          3.08301520348
        ],
        [
          -160.941726685,
          -63.6903648376,
          3.87337779999,
          5.84031009674,
          -32.7726211548,
          3.90161824226,
          21.1526966095,
          39.6187973022,
          49.6256256104,
          101.28679657,
          39.5060424805,
          26.4184894562,
          10.1338806152
        ],
        [
          -161.676345825,
          72.6186599731,
          -14.7194519043,
          -36.9894866943,
          44.6300506592,
          6.23137331009,
          4.6385974884,
          22.6077823639,
          20.2380027771,
          39.5060424805,
          83.6132659912,
          20.651140213,
          36.4660644531
        ],
        [
          179.926177979,
          -228.996887207,
          15.6463832855,
          82.156791687,
          -80.7970504761,
          -17.5361003876,
          8.06872463226,
          -21.5740203857,
          6.59883546829,
          26.4184894562,
          20.651140213,
          109.938865662,
          -12.0595645905
        ],
        [
          -559.083557129,
          227.391662598,
          -49.9112014771,
          -144.462524414,
          69.482460022,
          -11.4883575439,
          -17.0402469635,
          8.12309265137,
          3.08301520348,
          10.1338806152,
          36.4660644531,
          -12.0595645905,
          141.355422974
        ]
      ],
      "icov": [
        [
          9.02998217498e-05,
          -0.0001555467461,
          0.000288474053377,
          -0.00025594633189,
          0.000195424348931,
          -0.000177232039277,
          0.000151110129082,
          -5.32245467184e-05,
          -0.000104938335426,
          0.00018137996085,
          1.85174685612e-05,
          -0.000233075319557,
          0.000323090847814
        ],
        [
          -0.0001555467461,
          0.00290341698565,
          -0.0032177453395,
          0.00327933882363,
          -0.00230793841183,
          0.000745878904127,
          -0.00140001659747,
          0.00210863118991,
          -0.00154651876073,
          0.000814334547613,
          -0.00138486165088,
          0.00323540205136,
          -0.00155677029397
        ],
        [
          0.000288474053377,
          -0.0032177453395,
          0.00800330378115,
          -0.00729244248942,
          0.00478198565543,
          -0.00324785057455,
          0.00323896086775,
          -0.00149249320384,
          0.000589921022765,
          0.000188971185707,
          -0.000513812701683,
          -0.00042393617332,
          -0.000377986056264
        ],
        [
          -0.00025594633189,
          0.00327933882363,
          -0.00729244248942,
          0.0102105941623,
          -0.00619687652215,
          0.00370318558998,
          -0.00236198725179,
          0.000601432926487,
          0.00198290636763,
          -0.00214545382187,
          0.00238957931288,
          -0.00264303176664,
          0.00386885367334
        ],
        [
          0.000195424348931,
          -0.00230793841183,
          0.00478198565543,
          -0.00619687652215,
          0.00931140966713,
          -0.00441436097026,
          -9.26893335418e-05,
          -0.000296011945466,
          -0.00151216646191,
          0.00433420296758,
          -0.00530806463212,
          0.00456151552498,
          -0.00360815133899
        ],
        [
          -0.000177232039277,
          0.000745878904127,
          -0.00324785057455,
          0.00370318558998,
          -0.00441436097026,
          0.00779605749995,
          -0.000563832989428,
          -0.00456827506423,
          0.00251592951827,
          -0.00146270904224,
          0.00281547219492,
          -0.00334138330072,
          0.00277357525192
        ],
        [
          0.000151110129082,
          -0.00140001659747,
          0.00323896086775,
          -0.00236198725179,
          -9.26893335418e-05,
          -0.000563832989428,
          0.00813318323344,
          -0.000830650737043,
          -0.00192565994803,
          -0.00128822436091,
          0.00165449141059,
          -0.00243176333606,
          0.00210753502324
        ],
        [
          -5.32245467184e-05,
          0.00210863118991,
          -0.00149249320384,
          0.000601432926487,
          -0.000296011945466,
          -0.00456827506423,
          -0.000830650737043,
          0.012731095776,
          -0.00471908506006,
          -0.00126389483921,
          -0.00350085669197,
          0.00678206468001,
          -0.00289713707753
        ],
        [
          -0.000104938335426,
          -0.00154651876073,
          0.000589921022765,
          0.00198290636763,
          -0.00151216646191,
          0.00251592951827,
          -0.00192565994803,
          -0.00471908506006,
          0.0164868663996,
          -0.00805604271591,
          0.00344454357401,
          -0.00535374460742,
          0.00416698027402
        ],
        [
          0.00018137996085,
          0.000814334547613,
          0.000188971185707,
          -0.00214545382187,
          0.00433420296758,
          -0.00146270904224,
          -0.00128822436091,
          -0.00126389483921,
          -0.00805604271591,
          0.0204501710832,
          -0.00992946792394,
          0.00282063521445,
          -0.0035386744421
        ],
        [
          1.85174685612e-05,
          -0.00138486165088,
          -0.000513812701683,
          0.00238957931288,
          -0.00530806463212,
          0.00281547219492,
          0.00165449141059,
          -0.00350085669197,
          0.00344454357401,
          -0.00992946792394,
          0.0235988795757,
          -0.0109865516424,
          0.00141179503407
        ],
        [
          -0.000233075319557,
          0.00323540205136,
          -0.00042393617332,
          -0.00264303176664,
          0.00456151552498,
          -0.00334138330072,
          -0.00243176333606,
          0.00678206468001,
          -0.00535374460742,
          0.00282063521445,
          -0.0109865516424,
          0.0234738979489,
          -0.0074224867858
        ],
        [
          0.000323090847814,
          -0.00155677029397,
          -0.000377986056264,
          0.00386885367334,
          -0.00360815133899,
          0.00277357525192,
          0.00210753502324,
          -0.00289713707753,
          0.00416698027402,
          -0.0035386744421,
          0.00141179503407,
          -0.0074224867858,
          0.0162618644536
        ]
      ],
      "mean": [
        -4.92417478561,
        58.8753890991,
        -85.2970733643,
        -2.07454991341,
        -19.0779762268,
        -13.1154527664,
        2.79559779167,
        -16.551990509,
        4.10139465332,
        -10.3852500916,
        -8.66481018066,
        5.41886234283,
        -12.5944843292
      ]
    },
    "hfc": {
      "dmean": 81.492515564,
      "dmean2": 127.435913086,
      "dvar": 10098.4208984,
      "dvar2": 24889.7929688,
      "max": 2803.73901367,
      "mean": 216.858093262,
      "median": 178.254882812,
      "min": 1.12369243667e-16,
      "var": 33270.5585938
    },
    "melbands": {
      "dmean": [
        0.00174042675644,
        0.00153640273493,
        0.000459687929833,
        0.000301225460134,
        0.000205253658351,
        0.000219773224671,
        0.000191262486624,
        0.000154327834025,
        0.000156233858434,
        0.000145232290379,
        0.000107685496914,
        9.62051635724e-05,
        8.2888363977e-05,
        6.25433021924e-05,
        4.54409564554e-05,
        2.23978368012e-05,
        2.43589820457e-05,
        2.04214702535e-05,
        2.04434309126e-05,
        2.13774619624e-05,
        1.50225841935e-05,
        1.24926036733e-05,
        1.10551163743e-05,
        1.27701068777e-05,
        1.05592680484e-05,
        9.34092804528e-06,
        6.73368458592e-06,
        4.76831382912e-06,
        4.92418939757e-06,
        6.00114981353e-06,
        5.21864467373e-06,
        5.74555815547e-06,
        7.37441769161e-06,
        6.69235851092e-06,
        6.06455932939e-06,
        3.5363166262e-06,
        1.70485816398e-06,
        1.04242167254e-06,
        2.04278066462e-07,
        1.6855391749e-08
      ],
      "dmean2": [
        0.00289382482879,
        0.00261202594265,
        0.000762909417972,
        0.000488295918331,
        0.000331219023792,
        0.000349045847543,
        0.000295280857245,
        0.000253044621786,
        0.000258029729594,
        0.00024462051806,
        0.000175359164132,
        0.000154286055476,
        0.000137537426781,
        0.000102845879155,
        7.57478628657e-05,
        3.70584093616e-05,
        4.1443741793e-05,
        3.39902799169e-05,
        3.38143872796e-05,
        3.52725983248e-05,
        2.45982519118e-05,
        2.09122154047e-05,
        1.78293685167e-05,
        2.06181157409e-05,
        1.65192577697e-05,
        1.47118298628e-05,
        1.03616848719e-05,
        7.34666718927e-06,
        7.55478640713e-06,
        9.61514433584e-06,
        8.23284972284e-06,
        9.37582990446e-06,
        1.22232640933e-05,
        1.09319189505e-05,
        9.82612436928e-06,
        5.87478098169e-06,
        2.73813202512e-06,
        1.70429984792e-06,
        3.35345532676e-07,
        2.75823079932e-08
      ],
      "dvar": [
        9.79034302873e-06,
        8.71434167493e-06,
        9.03607656255e-07,
        5.98151757458e-07,
        3.0074153301e-07,
        5.58920646654e-07,
        3.23016564607e-07,
        1.63691339594e-07,
        2.85379059051e-07,
        1.5717554902e-07,
        6.10818275959e-08,
        4.65083367374e-08,
        4.40776055655e-08,
        1.99629095476e-08,
        9.83652537201e-09,
        1.54549661957e-09,
        1.9743893187e-09,
        1.32947908238e-09,
        1.57464574713e-09,
        2.12064188432e-09,
        7.92357068846e-10,
        5.77087821974e-10,
        3.69187375115e-10,
        6.40535346985e-10,
        8.20204348884e-10,
        6.15415995942e-10,
        3.32585292639e-10,
        1.17471990468e-10,
        8.45567296737e-11,
        1.40538192195e-10,
        1.13592864281e-10,
        1.5851216173e-10,
        2.74490430385e-10,
        2.2272905742e-10,
        1.66230335052e-10,
        6.58267190756e-11,
        1.35763006739e-11,
        5.55265208813e-12,
        2.05105260575e-13,
        1.24718052302e-15
      ],
      "dvar2": [
        2.46204799623e-05,
        2.29204542848e-05,
        2.28436238103e-06,
        1.45331898693e-06,
        6.99756583344e-07,
        1.34305548727e-06,
        6.7441834517e-07,
        4.01706500952e-07,
        7.22589447832e-07,
        4.15902690065e-07,
        1.56685601382e-07,
        1.08708647417e-07,
        1.10954729848e-07,
        5.12612921e-08,
        2.52488892016e-08,
        3.80708886638e-09,
        5.08745401362e-09,
        3.29828919732e-09,
        3.71641784014e-09,
        5.27187316024e-09,
        2.00372385351e-09,
        1.50228174345e-09,
        8.58668192105e-10,
        1.51455348263e-09,
        1.80051062948e-09,
        1.37893352292e-09,
        6.91399160146e-10,
        2.37484365506e-10,
        1.84697326877e-10,
        3.25303978199e-10,
        2.52336707085e-10,
        3.73494152273e-10,
        6.61720456208e-10,
        5.28508625752e-10,
        3.93503368779e-10,
        1.66288899317e-10,
        3.27187894833e-11,
        1.34686194489e-11,
        5.01220050707e-13,
        2.97245862872e-15
      ],
      "max": [
        0.0445831865072,
        0.0388035327196,
        0.0330908149481,
        0.0382186844945,
        0.024737380445,
        0.0374638400972,
        0.0290679279715,
        0.0153629630804,
        0.0186949744821,
        0.00768625317141,
        0.00596689200029,
        0.00857992470264,
        0.00781540758908,
        0.00352917192504,
        0.00230133510195,
        0.000657757802401,
        0.00086786824977,
        0.000756765075494,
        0.00167694792617,
        0.00236827833578,
        0.000975831295364,
        0.000386770348996,
        0.000286858645268,
        0.000623097119387,
        0.00108858535532,
        0.0012345170835,
        0.000686732004397,
        0.000482735456899,
        0.000171694366145,
        0.000173929147422,
        0.000187860336155,
        0.000139295894769,
        0.000190555205336,
        0.000501335831359,
        0.000309308670694,
        0.000141082375194,
        3.74733499484e-05,
        2.71865283139e-05,
        5.1214042287e-06,
        1.08624487893e-06
      ],
      "mean": [
        0.00212990026921,
        0.0015937370481,
        0.000618495978415,
        0.000433191569755,
        0.000288773502689,
        0.000290877302177,
        0.000283602217678,
        0.000202104929485,
        0.000182154704817,
        0.00017788221885,
        0.000152025633724,
        0.000139388677781,
        0.000112629197247,
        8.77838392626e-05,
        5.81864987907e-05,
        3.20816434396e-05,
        3.33307943947e-05,
        2.96283596981e-05,
        3.17283665936e-05,
        3.20871477015e-05,
        2.08947076317e-05,
        1.54263634613e-05,
        1.3434131688e-05,
        1.48534627442e-05,
        1.27114190036e-05,
        1.08094181996e-05,
        9.11563802219e-06,
        6.63495120534e-06,
        6.27263398201e-06,
        6.38174742562e-06,
        5.39364691576e-06,
        5.46268256585e-06,
        6.33489116808e-06,
        6.37012317384e-06,
        5.98720498601e-06,
        3.1781726193e-06,
        1.75557647708e-06,
        9.43491897942e-07,
        1.80940460837e-07,
        1.73583156737e-08
      ],
      "median": [
        0.00089322461281,
        0.000619478232693,
        0.000254707352724,
        0.000156618727488,
        0.000108356209239,
        7.67095407355e-05,
        6.76865674905e-05,
        6.09143644397e-05,
        4.52214881079e-05,
        4.78397487313e-05,
        4.90728889417e-05,
        4.92835351906e-05,
        4.26950173278e-05,
        3.29095491907e-05,
        2.38516295212e-05,
        1.53174460138e-05,
        1.52501488628e-05,
        1.45863941725e-05,
        1.62489541253e-05,
        1.67476609931e-05,
        1.08368994916e-05,
        7.16841441317e-06,
        5.8267651184e-06,
        5.13744953423e-06,
        3.83417773264e-06,
        3.1096967632e-06,
        2.753773515e-06,
        2.083589834e-06,
        1.93154255612e-06,
        1.61153514e-06,
        1.16371825243e-06,
        9.89810359897e-07,
        8.5638919245e-07,
        9.6313863196e-07,
        9.21076320992e-07,
        5.7640426121e-07,
        3.17166637842e-07,
        1.17924841447e-07,
        2.23722427251e-08,
        5.96407589981e-09
      ],
      "min": [
        3.69874864308e-25,
        1.12531737826e-24,
        2.45741373801e-24,
        3.67365936573e-24,
        3.23662845208e-24,
        3.67742026009e-24,
        5.29246031895e-24,
        4.00669987383e-24,
        3.57057693909e-24,
        3.5032019069e-24,
        1.85779642243e-24,
        2.36096089842e-24,
        5.74934252284e-24,
        3.08884127795e-24,
        5.79811542603e-24,
        2.18938384875e-24,
        4.74532572218e-24,
        7.09474755771e-24,
        3.5965411125e-24,
        4.98020866228e-24,
        4.83540890439e-24,
        7.66217994e-24,
        7.16768563701e-24,
        6.74168418211e-24,
        4.59433656163e-24,
        4.10620678842e-24,
        6.08072011216e-24,
        4.14711711496e-24,
        5.98468221341e-24,
        5.95573811793e-24,
        8.17279224901e-24,
        6.26932373839e-24,
        8.67301368218e-24,
        7.213601286e-24,
        7.52029620645e-24,
        6.34465719383e-24,
        7.45415100841e-24,
        6.99976239384e-24,
        6.17826867955e-24,
        7.1035433568e-24
      ],
      "var": [
        1.13580290417e-05,
        7.64053038438e-06,
        1.30315140723e-06,
        8.48093350214e-07,
        4.66246859787e-07,
        7.46340788282e-07,
        8.46248951802e-07,
        2.59052001184e-07,
        2.89162528588e-07,
        1.59647441933e-07,
        9.90477033724e-08,
        7.67306858052e-08,
        5.5799233678e-08,
        2.54550176493e-08,
        1.0928336458e-08,
        2.25546759047e-09,
        2.57470089693e-09,
        1.84922543944e-09,
        2.74625411301e-09,
        2.84966472641e-09,
        1.00230757027e-09,
        5.77568715077e-10,
        4.42207909179e-10,
        7.92624521573e-10,
        1.16634180092e-09,
        9.45845957112e-10,
        5.68884994667e-10,
        1.93542279425e-10,
        1.26273561052e-10,
        1.52205234527e-10,
        1.22942350744e-10,
        1.48584394788e-10,
        2.38010056108e-10,
        2.23992713266e-10,
        1.74713271628e-10,
        5.61614782457e-11,
        1.3697112021e-11,
        5.06311138848e-12,
        1.86963644436e-13,
        1.29123756534e-15
      ]
    },
    "melbands_crest": {
      "dmean": 4.70296621323,
      "dmean2": 7.89489507675,
      "dvar": 14.98878479,
      "dvar2": 41.067024231,
      "max": 38.0502433777,
      "mean": 15.3016891479,
      "median": 14.4763307571,
      "min": 1.73600804806,
      "var": 41.0022239685
    },
    "melbands_flatness_db": {
      "dmean": 0.0411495305598,
      "dmean2": 0.0621589794755,
      "dvar": 0.0015236105537,
      "dvar2": 0.00296537624672,
      "max": 0.586505234241,
      "mean": 0.201651722193,
      "median": 0.193496659398,
      "min": 0.00496351113543,
      "var": 0.00519070168957
    },
    "melbands_kurtosis": {
      "dmean": 9.04511928558,
      "dmean2": 14.9686098099,
      "dvar": 275.682312012,
      "dvar2": 714.657592773,
      "max": 363.881439209,
      "mean": 12.7698173523,
      "median": 6.15798664093,
      "min": -1.93608701229,
      "var": 439.836486816
    },
    "melbands_skewness": {
