{
  "lowlevel": {
    "average_loudness": 0.903581440449,
    "barkbands": {
      "dmean": [
        0.00059876870364,
        0.00410683592781,
        0.00226676627062,
        0.00128084747121,
        0.000954685092438,
        0.000801722635515,
        0.000641597842332,
        0.000405885453802,
        0.000505018804688,
        0.00104672648013,
        0.000672605878208,
        0.000591921852902,
        0.00042630842654,
        0.000450629537227,
        0.000458052934846,
        0.000456947222119,
        0.000561637745705,
        0.000369405082893,
        0.000274165591691,
        0.000158864699188,
        8.64976973389e-05,
        0.00010106361151,
        7.44387871237e-05,
        4.13082525483e-05,
        1.89860857063e-05,
        9.84907001111e-06,
        3.46955033592e-07
      ],
      "dmean2": [
        0.00110998668242,
        0.0067782769911,
        0.00384850217961,
        0.00221872213297,
        0.00155634817202,
        0.00126284628641,
        0.00100439367816,
        0.000676174415275,
        0.000788985518739,
        0.00163200544193,
        0.00104087335058,
        0.000912505318411,
        0.000645926222205,
        0.000714631809387,
        0.000710981199518,
        0.000714093388524,
        0.000896566256415,
        0.000599331106059,
        0.000448378908914,
        0.000256840023212,
        0.000137640774483,
        0.000147412414663,
        0.000105515275209,
        6.01379178988e-05,
        2.64400314336e-05,
        1.3325636246e-05,
        5.18893955359e-07
      ],
      "dvar": [
        7.10611686827e-07,
        4.94562045787e-05,
        1.51361755343e-05,
        6.95861763234e-06,
        3.8885500544e-06,
        2.90663615488e-06,
        2.08566211768e-06,
        6.10793904343e-07,
        1.16201340461e-06,
        7.35166213417e-06,
        3.72657041225e-06,
        2.5219719646e-06,
        1.21644143292e-06,
        1.07095490876e-06,
        1.0497922176e-06,
        1.20716322272e-06,
        1.19994911074e-06,
        4.3661663085e-07,
        2.52797093481e-07,
        5.41290745559e-08,
        2.051467618e-08,
        4.41546248453e-08,
        3.20766346817e-08,
        9.3477749985e-09,
        2.05632821881e-09,
        5.29205568256e-10,
        6.83384392911e-13
      ],
      "dvar2": [
        2.41859902417e-06,
        0.000121256613056,
        3.97819603677e-05,
        1.82718376891e-05,
        9.75974580797e-06,
        6.87653255227e-06,
        4.78467200082e-06,
        1.50472010318e-06,
        2.69472297987e-06,
        1.66183453985e-05,
        8.11856352811e-06,
        5.22986192664e-06,
        2.43922136178e-06,
        2.35960033024e-06,
        2.34028107116e-06,
        2.6347986477e-06,
        2.81325242213e-06,
        1.08782217012e-06,
        6.6185890546e-07,
        1.36565020625e-07,
        4.90154654642e-08,
        8.99260825804e-08,
        6.46465423415e-08,
        1.94812628251e-08,
        4.19804813134e-09,
        1.08907405316e-09,
        1.51240641105e-12
      ],
      "max": [
        0.0132345389575,
        0.0562769770622,
        0.0503451526165,
        0.0401397310197,
        0.0325350575149,
        0.0314624235034,
        0.0338717401028,
        0.0207730587572,
        0.0266493689269,
        0.0723249986768,
        0.0474514514208,
        0.0525990463793,
        0.0590743236244,
        0.033801086247,
        0.0224295239896,
        0.0459466390312,
        0.0293330363929,
        0.0162711087614,
        0.0139718437567,
        0.00491211051121,
        0.0038905935362,
        0.00614215014502,
        0.00757735176012,
        0.00412937067449,
        0.00199079234153,
        0.000603987835348,
        1.79232374649e-05
      ],
      "mean": [
        0.000592472904827,
        0.00470474734902,
        0.00231945724227,
        0.00131354760379,
        0.00133237440605,
        0.00137789791916,
        0.00121208338533,
        0.00062287732726,
        0.000783797877375,
        0.00174258102197,
        0.0011313771829,
        0.0010383509798,
        0.000805287854746,
        0.000707958941348,
        0.000797235639766,
        0.000804469455034,
        0.00102790177334,
        0.000685830076691,
        0.000524607894477,
        0.000345361651853,
        0.00019744799647,
        0.000221168811549,
        0.000149524625158,
        8.70398362167e-05,
        3.78654840461e-05,
        1.54162298713e-05,
        4.46317500291e-07
      ],
      "median": [
        0.000310186442221,
        0.000985321123153,
        0.00101596384775,
        0.000431658350863,
        0.000550246913917,
        0.000419277552282,
        0.00048386657727,
        0.000343782128766,
        0.000302831234876,
        0.000358208548278,
        0.000214297877392,
        0.000268961011898,
        0.000221516413148,
        0.000284134177491,
        0.000292454380542,
        0.000308603688609,
        0.000493001774885,
        0.000359668163583,
        0.000297764810966,
        0.000240131645114,
        0.000124070618767,
        0.00012461130973,
        6.75208575558e-05,
        4.7522058594e-05,
        1.62237647601e-05,
        4.67668542115e-06,
        1.03645490412e-07
      ],
      "min": [
        1.2398744573e-23,
        1.70561225594e-23,
        1.01216683822e-23,
        1.31545529951e-23,
        2.83496382943e-23,
        2.58229404807e-23,
        6.99984490869e-23,
        5.73768576191e-23,
        1.70073009046e-22,
        2.58145501561e-23,
        4.92748143603e-23,
        3.90084680993e-23,
        8.25738448601e-23,
        1.32240779888e-22,
        2.06579320795e-22,
        1.59371549198e-22,
        2.31169440497e-22,
        2.60422371859e-22,
        1.74669026276e-22,
        2.1349426092e-22,
        4.2818350096e-22,
        4.32544828915e-22,
        4.80558160025e-22,
        8.39095517178e-22,
        1.10354527008e-21,
        2.04198561302e-21,
        2.73276220386e-21
      ],
      "var": [
        7.22846039025e-07,
        6.25618486083e-05,
        1.39729700095e-05,
        6.7165578912e-06,
        5.82877692068e-06,
        7.92477112554e-06,
        6.99280280969e-06,
        1.05240303583e-06,
        2.58301815848e-06,
        1.84691216418e-05,
        1.12530169645e-05,
        7.72145813244e-06,
        6.13338761468e-06,
        2.31745866586e-06,
        2.89928539132e-06,
        3.33087564286e-06,
        3.04762352243e-06,
        9.76070055003e-07,
        5.78534809392e-07,
        1.47489302549e-07,
        5.61167432522e-08,
        1.07062319898e-07,
        7.87213210174e-08,
        1.76071992541e-08,
        4.40199210416e-09,
        8.17174161671e-10,
        9.27606190644e-13
      ]
    },
    "barkbands_crest": {
      "dmean": 3.23792719841,
      "dmean2": 5.24961137772,
      "dvar": 8.78924846649,
      "dvar2": 21.664894104,
      "max": 26.7747459412,
      "mean": 9.84383392334,
      "median": 8.70565795898,
      "min": 2.24994897842,
      "var": 23.670331955
    },
    "barkbands_flatness_db": {
      "dmean": 0.0243697315454,
      "dmean2": 0.038949534297,
      "dvar": 0.000628498848528,
      "dvar2": 0.00148912228178,
      "max": 0.542204022408,
      "mean": 0.115814626217,
      "median": 0.106158271432,
      "min": 0.0249471310526,
      "var": 0.00254795420915
    },
    "barkbands_kurtosis": {
      "dmean": 4.49779272079,
      "dmean2": 7.87985658646,
      "dvar": 1487.52172852,
      "dvar2": 4803.24951172,
      "max": 2136.40039062,
      "mean": 3.84277176857,
      "median": 0.149208903313,
      "min": -1.90185558796,
      "var": 1420.72253418
    },
    "barkbands_skewness": {
      "dmean": 0.663961350918,
      "dmean2": 1.07136571407,
      "dvar": 1.10173726082,
      "dvar2": 3.02679443359,
      "max": 42.4828186035,
      "mean": 1.03554677963,
      "median": 0.774118840694,
      "min": -4.19609260559,
      "var": 2.96763372421
    },
    "barkbands_spread": {
      "dmean": 7.03060531616,
      "dmean2": 11.2883176804,
      "dvar": 48.4234657288,
      "dvar2": 121.976516724,
      "max": 111.269569397,
      "mean": 28.2998332977,
      "median": 28.21210289,
      "min": 0.149175643921,
      "var": 165.123077393
    },
    "dissonance": {
      "dmean": 0.0147839542478,
      "dmean2": 0.0250157304108,
      "dvar": 0.000262352987193,
      "dvar2": 0.00070093316026,
      "max": 0.499999940395,
      "mean": 0.474159181118,
      "median": 0.480266362429,
      "min": 0.0858569815755,
      "var": 0.00048727117246
    },
    "dynamic_complexity": 3.31533956528,
    "erbbands": {
      "dmean": [
        0.112560987473,
        1.00375342369,
        2.52250266075,
        3.47285079956,
        4.02505683899,
        2.63066244125,
        4.24491977692,
        7.55000495911,
        8.72107124329,
        11.5259418488,
        6.12190580368,
        10.4561872482,
        24.825756073,
        32.2893218994,
        22.6808319092,
        25.5351257324,
        20.357006073,
        21.9979934692,
        19.9882488251,
        21.6174926758,
        25.9091300964,
        24.6784191132,
        19.9169368744,
        16.1105499268,
        10.1502943039,
        7.37310218811,
        4.10875749588,
        3.16672134399,
        3.74044299126,
        3.26826763153,
        1.74920940399,
        1.08530807495,
        0.600147485733,
        0.285321831703,
        0.105802997947,
        0.044430218637,
        0.0204799845815,
        0.00186607579235,
        4.66325436719e-05,
        1.03296306406e-05
      ],
      "dmean2": [
        0.160826027393,
        1.71770787239,
        4.29703235626,
        6.05964040756,
        6.85726118088,
        4.1919965744,
        6.76221609116,
        11.8244028091,
        13.5373373032,
        18.7742843628,
        9.76655387878,
        16.2403717041,
        38.4281730652,
        49.5541610718,
        33.9485816956,
        38.9111938477,
        30.3875484467,
        34.3129920959,
        31.3064041138,
        33.5817260742,
        39.6683502197,
        38.8494682312,
        31.9200248718,
        26.734085083,
        16.3924541473,
        12.0460929871,
        6.7107052803,
        4.84319019318,
        5.52488517761,
        4.66744041443,
        2.51179790497,
        1.56667661667,
        0.888064801693,
        0.407193660736,
        0.146377116442,
        0.0597646944225,
        0.0286197625101,
        0.00252400664613,
        6.21605940978e-05,
        1.58568618644e-05
      ],
      "dvar": [
        0.0410790108144,
        2.84208488464,
        19.0918292999,
        37.4618301392,
        85.6588821411,
        29.802072525,
        123.725067139,
        282.561828613,
        452.463226318,
        554.048156738,
        153.827011108,
        477.652374268,
        4390.4296875,
        8636.05566406,
        4241.61425781,
        4386.04980469,
        3011.03051758,
        2740.47485352,
        1865.01184082,
        2699.69677734,
        3105.89086914,
        2115.56347656,
        1217.0949707,
        1124.34863281,
        233.860931396,
        118.004638672,
        42.1029663086,
        35.2999000549,
        64.7147216797,
        52.7070121765,
        17.4876918793,
        7.53515577316,
        1.74358773232,
        0.51245623827,
        0.073709718883,
        0.00876143760979,
        0.00297564943321,
        1.64516641235e-05,
        1.00265689085e-08,
        1.43298872768e-10
      ],
      "dvar2": [
        0.0878354012966,
        7.36436986923,
        48.6819267273,
        99.7594528198,
        226.617797852,
        67.7697219849,
        295.188079834,
        676.897521973,
        1033.67724609,
        1317.00891113,
        362.259857178,
        1102.49243164,
        10100.0859375,
        20015.9003906,
        9050.17089844,
        9224.18261719,
        6087.32666016,
        5944.11035156,
        4004.69970703,
        6034.58544922,
        6533.73779297,
        4883.48876953,
        2982.82202148,
        3142.92236328,
        568.613647461,
        304.06552124,
        106.941551208,
        79.0867538452,
        135.177505493,
        104.857093811,
        35.7098922729,
        15.433265686,
        3.93073582649,
        1.14758825302,
        0.144081562757,
        0.0165836438537,
        0.00669132359326,
        3.12991760438e-05,
        1.93457090347e-08,
        2.83326639927e-10
      ],
      "max": [
        1.71152186394,
        15.8800268173,
        61.6086120605,
        78.9440155029,
        143.053817749,
        194.702560425,
        356.102386475,
        386.171508789,
        508.942138672,
        708.545166016,
        491.151184082,
        783.463623047,
        1616.68579102,
        2807.64868164,
        2386.9855957,
        2320.1081543,
        3221.43164062,
        1972.02832031,
        1300.86279297,
        1818.65527344,
        2582.54101562,
        1204.01599121,
        1081.04626465,
        991.678588867,
        371.792663574,
        240.949798584,
        119.219032288,
        197.517196655,
        250.778366089,
        315.275146484,
        184.188461304,
        126.323036194,
        33.3077545166,
        32.684223175,
        12.2333641052,
        2.24134349823,
        1.65868449211,
        0.0739827677608,
        0.00242873537354,
        0.000113713904284
      ],
      "mean": [
        0.116658605635,
        1.12205994129,
        2.72505354881,
        3.7762799263,
        4.56851577759,
        3.83072757721,
        6.73337459564,
        12.5825166702,
        15.9573459625,
        19.848613739,
        11.2005405426,
        18.1264915466,
        41.2212028503,
        59.4221153259,
        42.9675979614,
        46.1768264771,
        40.6832542419,
        38.5750961304,
        37.1726379395,
        41.4280738831,
        52.2362594604,
        51.5551528931,
        40.3666534424,
        32.7953910828,
        21.9094619751,
        16.3722877502,
        9.26011276245,
        7.33553981781,
        7.90476846695,
        6.86734294891,
        3.62334227562,
        2.25594544411,
        1.21065843105,
        0.55553907156,
        0.206049889326,
        0.0782220587134,
        0.0286501534283,
        0.00283384532668,
        8.26103932923e-05,
        3.34907708748e-05
      ],
      "median": [
        0.0198083054274,
        0.25779902935,
        1.18092989922,
        1.59806108475,
        1.5459856987,
        1.62431955338,
        2.18515515327,
        3.65741848946,
        5.7417049408,
        8.99013137817,
        6.82131481171,
        8.10448455811,
        11.4770584106,
        10.6835432053,
        12.6701545715,
        13.9159355164,
        13.3025569916,
        16.47265625,
        17.168920517,
        16.5778617859,
        23.9531841278,
        26.6952819824,
        22.3943862915,
        16.6104431152,
        15.0128860474,
        11.388458252,
        6.07579088211,
        4.46701717377,
        4.22398281097,
        3.51476287842,
        1.70126962662,
        1.18393969536,
        0.644446611404,
        0.251014888287,
        0.0848225355148,
        0.0288438610733,
        0.00699504977092,
        0.000750890350901,
        3.55647171091e-05,
        3.10888426611e-05
      ],
      "min": [
        7.63790981384e-22,
        2.81178218616e-21,
        1.20568892889e-20,
        2.73530049319e-20,
        3.40299228259e-20,
        1.19468571422e-19,
        1.83149936834e-19,
        2.87252374683e-19,
        8.21234631515e-19,
        1.06421304279e-18,
        1.3280281337e-18,
        3.44955966887e-18,
        2.40972643047e-18,
        1.52029044725e-18,
        1.83643711961e-18,
        1.90537683341e-18,
        4.09731963668e-18,
        6.31815854709e-18,
        6.84970274077e-18,
        1.04991867938e-17,
        1.10557924921e-17,
        1.40317724419e-17,
        1.28060653092e-17,
        1.11344358617e-17,
        1.05523662354e-17,
        1.06326772011e-17,
        1.24751409518e-17,
        1.97209403697e-17,
        1.61923367691e-17,
        1.39519346236e-17,
        1.46483743772e-17,
        1.87764159154e-17,
        1.14103849684e-17,
        1.00793719534e-17,
        9.88251123945e-18,
        8.08002347333e-18,
        3.48985349767e-18,
        1.5521895302e-18,
        3.45927862748e-19,
        3.79058488383e-20
      ],
      "var": [
        0.0514494329691,
        3.40042114258,
        18.7773227692,
        37.7694091797,
        81.2129135132,
        64.526512146,
        284.943634033,
        729.94708252,
        1244.82214355,
        1455.60327148,
        291.065490723,
        1378.95471191,
        9576.63964844,
        26236.4375,
        15138.7070312,
        13153.2919922,
        14754.4121094,
        6361.61523438,
        4914.44677734,
        7985.90039062,
        9097.22167969,
        6494.18603516,
        3204.4296875,
        3104.75561523,
        633.733825684,
        323.257843018,
        113.054031372,
        86.2331542969,
        145.031616211,
        139.866409302,
        42.7781715393,
        13.4951848984,
        3.2683506012,
        0.944326221943,
        0.159320652485,
        0.017191670835,
        0.00373569014482,
        2.89480012725e-05,
        1.75658918522e-08,
        4.72710426358e-10
      ]
    },
    "erbbands_crest": {
      "dmean": 2.58851027489,
      "dmean2": 4.16052675247,
      "dvar": 6.11352443695,
      "dvar2": 14.8243837357,
      "max": 31.6632099152,
      "mean": 8.81738090515,
      "median": 7.46012353897,
      "min": 2.23466467857,
      "var": 21.8559684753
    },
    "erbbands_flatness_db": {
      "dmean": 0.0180385876447,
      "dmean2": 0.0242225565016,
      "dvar": 0.000308486167341,
      "dvar2": 0.000488372985274,
      "max": 0.387920111418,
      "mean": 0.163265421987,
      "median": 0.157460063696,
      "min": 0.0310461390764,
      "var": 0.00225800834596
    },
    "erbbands_kurtosis": {
      "dmean": 0.834648251534,
      "dmean2": 1.31284892559,
      "dvar": 1.57549273968,
      "dvar2": 3.73818993568,
      "max": 33.1434173584,
      "mean": 0.416489034891,
      "median": -0.0930616855621,
      "min": -1.72983944416,
      "var": 3.82145833969
    },
    "erbbands_skewness": {
      "dmean": 0.342621147633,
      "dmean2": 0.530128955841,
      "dvar": 0.0988775715232,
      "dvar2": 0.224242985249,
      "max": 5.40800619125,
      "mean": -0.0669450685382,
      "median": -0.133974045515,
      "min": -3.90404510498,
      "var": 0.572244346142
    },
    "erbbands_spread": {
      "dmean": 7.56660366058,
      "dmean2": 11.3759622574,
      "dvar": 64.5256271362,
      "dvar2": 139.177093506,
      "max": 129.528869629,
      "mean": 35.4160575867,
      "median": 32.5807800293,
      "min": 2.54879117012,
      "var": 324.457092285
    },
    "gfcc": {
      "cov": [
        [
          19337.8007812,
          788.149108887,
          -1381.15893555,
          260.368164062,
          -666.596313477,
          259.878417969,
          -415.839263916,
          156.93951416,
          -345.902832031,
          2.48165583611,
          -358.596405029,
          -11.922990799,
          -455.890686035
        ],
        [
          788.149108887,
          954.450012207,
          -112.755889893,
          -4.95817708969,
          85.9563827515,
          -116.80103302,
          28.4166946411,
          -79.4716873169,
          18.5332927704,
          -103.909317017,
          68.426109314,
          -53.457157135,
          80.4514694214
        ],
        [
          -1381.15893555,
          -112.755889893,
          940.343811035,
          231.336898804,
          47.9012489319,
          63.2614021301,
          -20.3402614594,
          7.92312479019,
          -8.56095600128,
          56.5437393188,
          -55.9261360168,
          4.05512714386,
          -57.4875488281
        ],
        [
          260.368164062,
          -4.95817708969,
          231.336898804,
          371.828125,
          71.8023529053,
          -16.4663486481,
          1.53752303123,
          30.9000225067,
          13.7330636978,
          12.9245681763,
          -47.4158096313,
          -44.3747711182,
          -51.8232002258
        ],
        [
          -666.596313477,
          85.9563827515,
          47.9012489319,
          71.8023529053,
          285.598754883,
          31.3591537476,
          77.4637832642,
          2.19525146484,
          -13.0072154999,
          -5.92767715454,
          6.77123165131,
          -4.10538291931,
          13.9943876266
        ],
        [
          259.878417969,
          -116.80103302,
          63.2614021301,
          -16.4663486481,
          31.3591537476,
          228.926589966,
          70.2468109131,
          11.1202402115,
          -20.9925918579,
          11.1731357574,
          -17.4363079071,
          3.96211290359,
          -29.2652397156
        ],
        [
          -415.839263916,
          28.4166946411,
          -20.3402614594,
          1.53752303123,
          77.4637832642,
          70.2468109131,
          166.936752319,
          24.7446899414,
          12.7666721344,
          -2.72368168831,
          17.0511894226,
          -5.89402103424,
          7.65718793869
        ],
        [
          156.93951416,
          -79.4716873169,
          7.92312479019,
          30.9000225067,
          2.19525146484,
          11.1202402115,
          24.7446899414,
          134.221679688,
          56.5518341064,
          12.9388656616,
          -11.8005752563,
          7.0140414238,
          -9.68067359924
        ],
        [
          -345.902832031,
          18.5332927704,
          -8.56095600128,
          13.7330636978,
          -13.0072154999,
          -20.9925918579,
          12.7666721344,
          56.5518341064,
          141.475036621,
          23.8355083466,
          33.7488899231,
          5.82461118698,
          23.0361747742
        ],
        [
          2.48165583611,
          -103.909317017,
          56.5437393188,
          12.9245681763,
          -5.92767715454,
          11.1731357574,
          -2.72368168831,
          12.9388656616,
          23.8355083466,
          106.286094666,
          24.4357662201,
          17.7938098907,
          -20.2731590271
        ],
        [
          -358.596405029,
          68.426109314,
          -55.9261360168,
          -47.4158096313,
          6.77123165131,
          -17.4363079071,
          17.0511894226,
          -11.8005752563,
          33.7488899231,
          24.4357662201,
          115.586853027,
          38.6773147583,
          48.2565803528
        ],
        [
          -11.922990799,
          -53.457157135,
          4.05512714386,
          -44.3747711182,
          -4.10538291931,
          3.96211290359,
          -5.89402103424,
          7.0140414238,
          5.82461118698,
          17.7938098907,
          38.6773147583,
          89.9136581421,
          40.8953285217
        ],
        [
          -455.890686035,
          80.4514694214,
          -57.4875488281,
          -51.8232002258,
          13.9943876266,
          -29.2652397156,
          7.65718793869,
          -9.68067359924,
          23.0361747742,
          -20.2731590271,
          48.2565803528,
          40.8953285217,
          113.697929382
        ]
      ],
      "icov": [
        [
          0.000204615003895,
          -0.000549213029444,
          0.000521376321558,
          -0.000494099163916,
          0.000547526869923,
          -0.000667448271997,
          0.000588733353652,
          -0.000591295945924,
          0.000635772652458,
          -0.000557747203857,
          0.000677452946547,
          -0.000995825859718,
          0.000760668131988
        ],
        [
          -0.000549213029444,
          0.00305716460571,
          -0.00143183884211,
          0.00131202233024,
          -0.00186723133083,
          0.00241909152828,
          -0.00180923799053,
          0.00234292424284,
          -0.00207717879675,
          0.00291315419599,
          -0.00295748258941,
          0.00395047105849,
          -0.00254289712757
        ],
        [
          0.000521376321558,
          -0.00143183884211,
          0.00272046565078,
          -0.0021165094804,
          0.00131411571056,
          -0.00215210160241,
          0.00177583505865,
          -0.00124026555568,
          0.00156002561562,
          -0.00205737096258,
          0.00231528910808,
          -0.00320927170105,
          0.00206236029044
        ],
        [
          -0.000494099163916,
          0.00131202233024,
          -0.0021165094804,
          0.00508563546464,
          -0.0023193450179,
          0.00237916712649,
          -0.00135495502036,
          0.000795533123892,
          -0.00202824478038,
          0.00118830043357,
          -0.000993866473436,
          0.00368477567099,
          -0.000885531771928
        ],
        [
          0.000547526869923,
          -0.00186723133083,
          0.00131411571056,
          -0.0023193450179,
          0.00598553055897,
          -0.00206482689828,
          -0.000363651517546,
          -0.0017009609146,
          0.00265321903862,
          -0.00181580148637,
          0.00179991847835,
          -0.00287563493475,
          0.00114443595521
        ],
        [
          -0.000667448271997,
          0.00241909152828,
          -0.00215210160241,
          0.00237916712649,
          -0.00206482689828,
          0.00819336343557,
          -0.00469547417015,
          0.00211946782656,
          -0.00156853685621,
          0.00197249208577,
          -0.00168346206192,
          0.00262457574718,
          -0.00109193008393
        ],
        [
          0.000588733353652,
          -0.00180923799053,
          0.00177583505865,
          -0.00135495502036,
          -0.000363651517546,
          -0.00469547417015,
          0.0103620896116,
          -0.00340591580607,
          0.00157280953135,
          -0.00129638880026,
          0.000215773150558,
          -0.00127014785539,
          0.00158490415197
        ],
        [
          -0.000591295945924,
          0.00234292424284,
          -0.00124026555568,
          0.000795533123892,
          -0.0017009609146,
          0.00211946782656,
          -0.00340591580607,
          0.0124748442322,
          -0.00674799503759,
          0.00208148453385,
          0.00038794282591,
          0.000669666274916,
          -0.000913967785891
        ],
        [
          0.000635772652458,
          -0.00207717879675,
          0.00156002561562,
          -0.00202824478038,
          0.00265321903862,
          -0.00156853685621,
          0.00157280953135,
          -0.00674799503759,
          0.0126389153302,
          -0.00399297755212,
          -0.000603397842497,
          -0.00110444938764,
          -0.00014682028268
        ],
        [
          -0.000557747203857,
          0.00291315419599,
          -0.00205737096258,
          0.00118830043357,
          -0.00181580148637,
          0.00197249208577,
          -0.00129638880026,
          0.00208148453385,
          -0.00399297755212,
          0.0152308344841,
          -0.00640811957419,
          0.000967846135609,
          0.00209586927667
        ],
        [
          0.000677452946547,
          -0.00295748258941,
          0.00231528910808,
          -0.000993866473436,
          0.00179991847835,
          -0.00168346206192,
          0.000215773150558,
          0.00038794282591,
          -0.000603397842497,
          -0.00640811957419,
          0.0173238664865,
          -0.00799123942852,
          -0.000608438334893
        ],
        [
          -0.000995825859718,
          0.00395047105849,
          -0.00320927170105,
          0.00368477567099,
          -0.00287563493475,
          0.00262457574718,
          -0.00127014785539,
          0.000669666274916,
          -0.00110444938764,
          0.000967846135609,
          -0.00799123942852,
          0.0227669719607,
          -0.00996020343155
        ],
        [
          0.000760668131988,
          -0.00254289712757,
          0.00206236029044,
          -0.000885531771928,
          0.00114443595521,
          -0.00109193008393,
          0.00158490415197,
          -0.000913967785891,
          -0.00014682028268,
          0.00209586927667,
          -0.000608438334893,
          -0.00996020343155,
          0.0179214719683
        ]
      ],
      "mean": [
        -9.89627361298,
        81.9520339966,
        -138.861999512,
        42.860370636,
        -54.8539161682,
        18.3677692413,
        -33.5677833557,
        13.6451358795,
        -18.2128047943,
        0.97227960825,
        -13.3178319931,
        1.63795602322,
        -12.3332557678
      ]
    },
    "hfc": {
      "dmean": 6.12257480621,
      "dmean2": 9.00583934784,
      "dvar": 54.8332939148,
      "dvar2": 117.506248474,
      "max": 137.23866272,
      "mean": 24.5162982941,
      "median": 20.3494300842,
      "min": 1.21454598469e-16,
      "var": 355.469726562
    },
    "melbands": {
      "dmean": [
        0.00105873961002,
        0.00127883779351,
        0.000619940052275,
        0.000232534192037,
        0.000135267444421,
        0.00016354957188,
        0.000130237473059,
        0.000120986478578,
        4.89945778099e-05,
        7.24048732081e-05,
        0.000128094499814,
        0.000134612986585,
        8.27738113003e-05,
        7.27773804101e-05,
        5.5986805819e-05,
        4.35058718722e-05,
        4.55844274256e-05,
        3.3158234146e-05,
        3.55279371433e-05,
        2.93835710181e-05,
        3.75119379896e-05,
        3.17606609315e-05,
        2.49294098467e-05,
        1.52979464474e-05,
        1.46654974742e-05,
        8.96252004168e-06,
        7.13277449904e-06,
        4.74196804134e-06,
        3.04263153339e-06,
        2.18311470235e-06,
        1.99464921025e-06,
        2.12274494515e-06,
        2.33101650338e-06,
        1.86043189387e-06,
        1.15327964068e-06,
        8.83235657057e-07,
        6.07257447882e-07,
        5.06308424519e-07,
        2.96936860877e-07,
        2.28005887948e-07
      ],
      "dmean2": [
        0.00160297576804,
        0.00221458938904,
        0.00106914318167,
        0.000381195481168,
        0.000214874569792,
        0.000257048930507,
        0.000202662529773,
        0.000198350215214,
        7.7733224316e-05,
        0.000112375062599,
        0.000197355038836,
        0.000206990036531,
        0.000125284888782,
        0.000110418521217,
        8.4614912339e-05,
        6.51789232506e-05,
        7.15814821888e-05,
        5.23331182194e-05,
        5.46093906451e-05,
        4.56410016341e-05,
        5.77193277422e-05,
        4.98595072713e-05,
        4.00735334551e-05,
        2.47642401519e-05,
        2.44236289291e-05,
        1.46408719957e-05,
        1.14915965241e-05,
        7.79293077358e-06,
        5.0528688007e-06,
        3.52438905793e-06,
        3.05156140712e-06,
        3.21820630234e-06,
        3.47367677023e-06,
        2.71775866167e-06,
        1.70345163042e-06,
        1.30193188852e-06,
        9.0358878424e-07,
        7.74328213993e-07,
        4.27763126254e-07,
        3.33235959715e-07
      ],
      "dvar": [
        3.43366673405e-06,
        4.19658044848e-06,
        1.2840501995e-06,
        2.55046927577e-07,
        1.0908735959e-07,
        1.22747366049e-07,
        9.30032157953e-08,
        5.76585144074e-08,
        1.01456443247e-08,
        2.24546568006e-08,
        1.18821724016e-07,
        1.54582295409e-07,
        5.62504531842e-08,
        4.01811952599e-08,
        1.90270750267e-08,
        1.47597498668e-08,
        1.30362671769e-08,
        5.51567636009e-09,
        7.52271578364e-09,
        6.75125511052e-09,
        6.88168544372e-09,
        4.03801747595e-09,
        2.14933160159e-09,
        7.82765630092e-10,
        1.05254505112e-09,
        2.08399644763e-10,
        1.21402998765e-10,
        5.24574932104e-11,
        2.36155036498e-11,
        1.30975603627e-11,
        1.52842131312e-11,
        2.11607432965e-11,
        2.47658508284e-11,
        2.02791915205e-11,
        9.12875157411e-12,
        4.95085699867e-12,
        2.33869174027e-12,
        1.51063883624e-12,
        3.46384650563e-13,
        3.50831912349e-13
      ],
      "dvar2": [
        7.82804454502e-06,
        1.08681906568e-05,
        3.38391510013e-06,
        6.46468322429e-07,
        2.60884121417e-07,
        2.94090312991e-07,
        2.14659323206e-07,
        1.39387580589e-07,
        2.31541346096e-08,
        5.24499057519e-08,
        2.71752639946e-07,
        3.56519990419e-07,
        1.19817627819e-07,
        8.10063696122e-08,
        3.67146029134e-08,
        2.83282766134e-08,
        2.84447789767e-08,
        1.16896199387e-08,
        1.67284195385e-08,
        1.52332777503e-08,
        1.4840738416e-08,
        9.05176555932e-09,
        5.04671104906e-09,
        1.98474814361e-09,
        2.94770807763e-09,
        5.18274756445e-10,
        2.90360818722e-10,
        1.34508779115e-10,
        6.21927925826e-11,
        3.25329554962e-11,
        3.46748081637e-11,
        4.57328272474e-11,
        5.22889578858e-11,
        4.30486132852e-11,
        1.95856404012e-11,
        1.10308064766e-11,
        4.7607087543e-12,
        3.58023615095e-12,
        7.34450694706e-13,
        7.98223954383e-13
      ],
      "max": [
        0.0147242471576,
        0.0261153839529,
        0.0155296549201,
        0.00795859657228,
        0.0115820430219,
        0.00745206233114,
        0.00708877388388,
        0.0067123635672,
        0.00346272997558,
        0.00477917911485,
        0.00822818372399,
        0.0122713670135,
        0.00711474753916,
        0.00697589246556,
        0.00490017980337,
        0.00744615821168,
        0.0044527691789,
        0.00213126698509,
        0.00246835313737,
        0.00371871725656,
        0.00273540779017,
        0.00155940291006,
        0.00136093830224,
        0.000765298376791,
        0.00102870538831,
        0.000381649850169,
        0.000298611354083,
        0.000146793332533,
        8.35796599858e-05,
        7.73397187004e-05,
        0.000132693487103,
        0.000155152272782,
        0.000190717197256,
        0.000178967733518,
        0.000146912338096,
        9.20934544411e-05,
        7.48573220335e-05,
        2.98126506095e-05,
        2.105841304e-05,
        2.90685675282e-05
      ],
      "mean": [
        0.00121791113634,
        0.00149375025649,
        0.000695158494636,
        0.00029958714731,
        0.000222204776946,
        0.000279466505162,
        0.000248716271017,
        0.000201636314159,
        8.63484965521e-05,
        0.000118597403343,
        0.000204917130759,
        0.000239614091697,
        0.000146395032061,
        0.000126732003991,
        9.49939494603e-05,
        8.117123798e-05,
        7.12291075615e-05,
        5.48691896256e-05,
        6.16199031356e-05,
        5.04585186718e-05,
        6.7785171268e-05,
        5.74673031224e-05,
        4.48248829343e-05,
        2.89542076644e-05,
        2.69981246674e-05,
        1.66508270922e-05,
        1.42699491334e-05,
        9.7526171885e-06,
        5.96607060288e-06,
        4.67234485768e-06,
        4.09802169088e-06,
        4.25862162956e-06,
        4.53367511e-06,
        3.60693115908e-06,
        2.18849163502e-06,
        1.64650577972e-06,
        1.23578968214e-06,
        9.28437145831e-07,
        5.90106537857e-07,
        4.17855005708e-07
      ],
      "median": [
        0.000258219894022,
        0.000628078589216,
        0.000317485391861,
        0.000113918104034,
        7.65865624999e-05,
        8.19009583211e-05,
        9.51551119215e-05,
        9.4364018878e-05,
        4.77466601296e-05,
        4.90800885018e-05,
        5.0830465625e-05,
        3.76860480173e-05,
        3.37248675351e-05,
        3.29566719302e-05,
        2.983694867e-05,
        2.40059234784e-05,
        2.73385576293e-05,
        2.43837293965e-05,
        2.0255567506e-05,
        1.91035651369e-05,
        2.7406920708e-05,
        2.67092545982e-05,
        2.22674898396e-05,
        1.50919931912e-05,
        1.22231649584e-05,
        1.03302572825e-05,
        9.67988671619e-06,
        6.4084870246e-06,
        3.73713533008e-06,
        2.80756034954e-06,
        2.37260564973e-06,
        2.25880103244e-06,
        2.30663408729e-06,
        1.68224778463e-06,
        9.41082305417e-07,
        7.87839212535e-07,
        6.55308326714e-07,
        4.63201956791e-07,
        2.92459446882e-07,
        1.70674610445e-07
      ],
      "min": [
        5.22525923059e-24,
        5.11983152048e-24,
        4.83151114266e-24,
        5.22960506531e-24,
        6.7841532978e-24,
        6.32432075412e-24,
        1.28522204755e-23,
        1.2312868386e-23,
        1.03045744605e-23,
        2.48819288172e-23,
        1.19951365126e-23,
        5.62767847758e-24,
        6.46829891338e-24,
        5.25472949628e-24,
        7.07266576325e-24,
        8.37774383421e-24,
        1.20055329105e-23,
        8.3441494037e-24,
        1.90133984835e-23,
        8.7954867043e-24,
        1.40242587325e-23,
        1.49006058898e-23,
        1.01360075069e-23,
        1.33613520926e-23,
        8.30865224069e-24,
        6.44861683379e-24,
        8.13265027299e-24,
        6.80369259356e-24,
        6.65430205964e-24,
        8.78583420226e-24,
        1.2725983798e-23,
        1.01725262448e-23,
        6.47807329442e-24,
        8.57961886189e-24,
        8.39136746205e-24,
        9.42542053611e-24,
        1.23205668795e-23,
        8.89156365166e-24,
        5.36696744259e-24,
        9.74030225504e-24
      ],
      "var": [
        4.47608772447e-06,
        4.77977346236e-06,
        1.26437191739e-06,
        3.12193407126e-07,
        2.70515243983e-07,
        3.32420910354e-07,
        2.91916535389e-07,
        1.40159741591e-07,
        2.11717328114e-08,
        5.92694320289e-08,
        2.52728625583e-07,
        4.62271373181e-07,
        1.89237582049e-07,
        1.17304125524e-07,
        5.79779140253e-08,
        6.46706794782e-08,
        2.71563305176e-08,
        1.22963905724e-08,
        2.19699245463e-08,
        1.97528589041e-08,
        1.8129627577e-08,
        1.04646398214e-08,
        5.32260324704e-09,
        1.73440961593e-09,
        2.73941580531e-09,
        4.42659076061e-10,
        3.00901081829e-10,
        1.33138208791e-10,
        5.29403604288e-11,
        3.52813021853e-11,
        3.19338167021e-11,
        4.33475894068e-11,
        5.52857863656e-11,
        4.82744920427e-11,
        2.06531562685e-11,
        7.90047194332e-12,
        4.20903112711e-12,
        2.42582082893e-12,
        7.53004429643e-13,
        6.30969343614e-13
      ]
    },
    "melbands_crest": {
      "dmean": 4.18718576431,
      "dmean2": 6.98854398727,
      "dvar": 12.409371376,
      "dvar2": 31.4395618439,
      "max": 39.8541069031,
      "mean": 14.4245023727,
      "median": 13.4934005737,
      "min": 2.64371323586,
      "var": 37.834274292
    },
    "melbands_flatness_db": {
      "dmean": 0.030382854864,
      "dmean2": 0.0486755371094,
      "dvar": 0.000854680605698,
      "dvar2": 0.00199833698571,
      "max": 0.552621662617,
      "mean": 0.164739787579,
      "median": 0.154203355312,
      "min": 0.00547923333943,
      "var": 0.00341551378369
    },
    "melbands_kurtosis": {
      "dmean": 8.09764766693,
      "dmean2": 13.6891231537,
      "dvar": 1143.90612793,
      "dvar2": 3226.37084961,
      "max": 2481.80249023,
      "mean": 10.9879426956,
