{
  "lowlevel": {
    "average_loudness": 0.918989896774,
    "barkbands": {
      "dmean": [
        0.00309718493372,
        0.00448627211154,
        0.00478421291336,
        0.00318662659265,
        0.00262510892935,
        0.00171732692979,
        0.000950579415075,
        0.000566107628401,
        0.000537129642908,
        0.000235368293943,
        0.00019276177045,
        0.000218384666368,
        0.000170285085915,
        0.000130175365484,
        0.000268007192062,
        0.000171720719663,
        0.000125137376017,
        0.000122715035104,
        8.5961939476e-05,
        4.97754008393e-05,
        2.53438865911e-05,
        1.52153797899e-05,
        9.89248746919e-06,
        3.646791356e-06,
        2.01309762815e-06,
        5.11398002345e-06,
        7.78516405262e-05
      ],
      "dmean2": [
        0.00472879968584,
        0.007129477337,
        0.00820991024375,
        0.00510480254889,
        0.00403607450426,
        0.0025930327829,
        0.00148109835573,
        0.000890318129677,
        0.000844630878419,
        0.000374680559617,
        0.000298567203572,
        0.000344527798006,
        0.000268676347332,
        0.000206031749258,
        0.000427861261414,
        0.000274644407909,
        0.000194738822756,
        0.000187833808013,
        0.000125424572616,
        7.4258139648e-05,
        3.78796867153e-05,
        2.22167200263e-05,
        1.44538589666e-05,
        5.60881153433e-06,
        3.28547480422e-06,
        7.57764200898e-06,
        0.000117280615086
      ],
      "dvar": [
        6.95672279107e-05,
        9.90726330201e-05,
        5.52652454644e-05,
        2.56047733274e-05,
        1.47953032865e-05,
        1.2530679669e-05,
        3.90317836718e-06,
        4.22280618295e-06,
        3.19852870234e-06,
        5.49724518351e-07,
        4.71416285563e-07,
        5.96940935793e-07,
        3.05409486145e-07,
        1.24400813206e-07,
        4.73174679883e-07,
        1.95345265297e-07,
        1.70932509036e-07,
        2.4262686793e-07,
        1.613225038e-07,
        2.76515237374e-08,
        6.90234713829e-09,
        3.08192849019e-09,
        1.66049318739e-09,
        9.77018604909e-11,
        1.31295165712e-11,
        2.18040294153e-10,
        1.70673857269e-08
      ],
      "dvar2": [
        0.000144057485159,
        0.000252970930887,
        0.000160118011991,
        6.27120753052e-05,
        3.42516250385e-05,
        2.8354310416e-05,
        9.38044831855e-06,
        1.02379099189e-05,
        8.2444439613e-06,
        1.37989400173e-06,
        9.9298006262e-07,
        1.42125873026e-06,
        6.75810042594e-07,
        2.86304498331e-07,
        1.14767817649e-06,
        4.67744087018e-07,
        4.0808569679e-07,
        5.484790222e-07,
        3.35003136342e-07,
        5.92275348765e-08,
        1.49389887127e-08,
        5.28600008209e-09,
        3.35273497853e-09,
        1.88339052687e-10,
        3.14981027372e-11,
        3.90119325733e-10,
        3.61201166754e-08
      ],
      "max": [
        0.214185521007,
        0.247038304806,
        0.123285725713,
        0.110224716365,
        0.0874787196517,
        0.0935443863273,
        0.0561521202326,
        0.0933219268918,
        0.0769838169217,
        0.0225706845522,
        0.0305560715497,
        0.0231849439442,
        0.0203458983451,
        0.0103964693844,
        0.0232927165926,
        0.0223017204553,
        0.0180407632142,
        0.0250418446958,
        0.0221990905702,
        0.00715410057455,
        0.00510139670223,
        0.0052553913556,
        0.00275027262978,
        0.00044208811596,
        8.31075522001e-05,
        0.000876812962815,
        0.00383052835241
      ],
      "mean": [
        0.00453993584961,
        0.00870446395129,
        0.0077981450595,
        0.0053993309848,
        0.00517152901739,
        0.00306541845202,
        0.00155557983089,
        0.000831887067761,
        0.000850042561069,
        0.000341785169439,
        0.000312030577334,
        0.000312852993375,
        0.000263506430201,
        0.000209738267586,
        0.000448792183306,
        0.000285575340968,
        0.000206999975489,
        0.000201821443625,
        0.000143754397868,
        8.20478671812e-05,
        4.26924962085e-05,
        2.60164015344e-05,
        1.67310008692e-05,
        4.69102405987e-06,
        2.12529289456e-06,
        8.28699194244e-06,
        0.000234745195485
      ],
      "median": [
        0.00152180483565,
        0.00492446683347,
        0.00439884979278,
        0.00259442813694,
        0.00299699837342,
        0.00121137697715,
        0.000702904595528,
        0.000181586743565,
        0.000176693472895,
        9.56471194513e-05,
        6.90178130753e-05,
        5.58378415008e-05,
        5.72155113332e-05,
        4.73821455671e-05,
        0.000126891056425,
        7.6677861216e-05,
        4.19602874899e-05,
        3.7634090404e-05,
        2.59325443039e-05,
        1.92806655832e-05,
        1.20461772894e-05,
        6.67756512485e-06,
        4.5035903895e-06,
        1.57024885539e-06,
        7.9108161799e-07,
        3.38474274031e-06,
        0.000157595917699
      ],
      "min": [
        7.39391339247e-25,
        2.82648527075e-24,
        3.91832142004e-24,
        2.70202183424e-23,
        4.63049139798e-23,
        1.58063349604e-23,
        3.66026916184e-23,
        2.66212377401e-23,
        5.2385046785e-23,
        2.25380652956e-23,
        3.36849033892e-23,
        7.94303729923e-23,
        3.94111374152e-23,
        7.2611654965e-23,
        8.33182897409e-23,
        7.85056891718e-23,
        2.24805693263e-22,
        2.13280624765e-22,
        2.3061138136e-22,
        2.41748128345e-22,
        3.98336386942e-22,
        2.7798640409e-22,
        5.99464817721e-22,
        7.39468973415e-22,
        1.07606110371e-21,
        1.6232430984e-21,
        2.38389494349e-21
      ],
      "var": [
        0.000107176892925,
        0.000156252164743,
        0.000113429894554,
        6.92569374223e-05,
        4.38115057477e-05,
        3.31882583851e-05,
        7.29210705686e-06,
        7.69557118474e-06,
        5.55572614758e-06,
        9.1014209147e-07,
        1.31395267999e-06,
        1.04876323803e-06,
        6.05325283232e-07,
        2.66096293444e-07,
        1.05928256744e-06,
        4.30336740465e-07,
        3.78851751748e-07,
        5.7493980421e-07,
        4.07856759921e-07,
        6.20617726099e-08,
        1.39712792446e-08,
        9.70582725301e-09,
        5.02169505978e-09,
        2.49852638579e-10,
        1.48994584032e-11,
        6.76095512908e-10,
        7.30247649017e-08
      ]
    },
    "barkbands_crest": {
      "dmean": 2.48669934273,
      "dmean2": 4.09020328522,
      "dvar": 4.90312719345,
      "dvar2": 13.9704198837,
      "max": 26.9318637848,
      "mean": 10.9932451248,
      "median": 10.1551551819,
      "min": 3.00132226944,
      "var": 17.940448761
    },
    "barkbands_flatness_db": {
      "dmean": 0.0276327133179,
      "dmean2": 0.0431396141648,
      "dvar": 0.000658290460706,
      "dvar2": 0.0016068292316,
      "max": 0.610992312431,
      "mean": 0.196739718318,
      "median": 0.185429960489,
      "min": 0.048724770546,
      "var": 0.0049341423437
    },
    "barkbands_kurtosis": {
      "dmean": 12.1250162125,
      "dmean2": 19.3427028656,
      "dvar": 1533.45666504,
      "dvar2": 3908.02246094,
      "max": 5048.73925781,
      "mean": 48.2527351379,
      "median": 16.8410682678,
      "min": -1.7561480999,
      "var": 78402.140625
    },
    "barkbands_skewness": {
      "dmean": 0.802787661552,
      "dmean2": 1.26700115204,
      "dvar": 0.829776585102,
      "dvar2": 2.13844275475,
      "max": 69.4583816528,
      "mean": 3.86659359932,
      "median": 3.29551434517,
      "min": -2.00299811363,
      "var": 23.2668457031
    },
    "barkbands_spread": {
      "dmean": 3.67581033707,
      "dmean2": 5.70281457901,
      "dvar": 23.1758022308,
      "dvar2": 50.0136299133,
      "max": 98.8152999878,
      "mean": 12.6567296982,
      "median": 9.93585777283,
      "min": 0.106355719268,
      "var": 104.955307007
    },
    "dissonance": {
      "dmean": 0.0231671687216,
      "dmean2": 0.038566455245,
      "dvar": 0.000465199263999,
      "dvar2": 0.00124149594922,
      "max": 0.500000059605,
      "mean": 0.45276683569,
      "median": 0.459643870592,
      "min": 0.203306227922,
      "var": 0.00107281457167
    },
    "dynamic_complexity": 4.00907087326,
    "erbbands": {
      "dmean": [
        0.197400674224,
        0.886220932007,
        4.38080644608,
        9.04967689514,
        7.93803977966,
        10.7059459686,
        10.9746055603,
        14.1259317398,
        11.7867488861,
        14.3044500351,
        10.7600164413,
        12.422580719,
        8.97745704651,
        7.03761291504,
        7.27969360352,
        9.37818431854,
        7.44690895081,
        6.35856437683,
        11.3763837814,
        11.360707283,
        8.62068843842,
        6.15671682358,
        6.50208568573,
        5.37821817398,
        3.68844795227,
        2.13105297089,
        1.26112234592,
        0.858217060566,
        0.561116337776,
        0.451164215803,
        0.244602829218,
        0.10605379194,
        0.0466686561704,
        0.0229111742228,
        0.014366443269,
        0.00969916488975,
        0.0102906767279,
        0.00895406585187,
        0.00476750126109,
        0.00250321417116
      ],
      "dmean2": [
        0.314877599478,
        1.4347370863,
        7.45998334885,
        14.9357223511,
        12.4500331879,
        16.4174880981,
        17.0857448578,
        21.3790607452,
        18.3032226562,
        22.1330604553,
        17.1930294037,
        19.6516361237,
        14.1245346069,
        11.1111841202,
        11.0657815933,
        14.6882867813,
        11.8142185211,
        9.85297012329,
        18.0091247559,
        18.1743278503,
        13.6071538925,
        9.43011379242,
        9.94825458527,
        8.08476638794,
        5.33369874954,
        3.1583712101,
        1.87805068493,
        1.27247726917,
        0.804949998856,
        0.656933963299,
        0.360023289919,
        0.159579560161,
        0.0732127204537,
        0.037320677191,
        0.0234166793525,
        0.0154772643,
        0.0151831638068,
        0.0126572381705,
        0.00667956005782,
        0.00374055560678
      ],
      "dvar": [
        0.295399606228,
        2.75211620331,
        43.7088088989,
        187.057571411,
        154.951095581,
        278.434234619,
        628.333862305,
        944.651855469,
        617.682861328,
        1401.7010498,
        1235.13000488,
        2171.88720703,
        934.472717285,
        412.155426025,
        924.110839844,
        1124.11035156,
        538.085388184,
        350.559570312,
        1126.99279785,
        835.703918457,
        514.795532227,
        473.937225342,
        605.347900391,
        622.765686035,
        217.472381592,
        56.7354125977,
        16.5924625397,
        8.71493530273,
        3.82940411568,
        3.54513168335,
        0.994421541691,
        0.11019307375,
        0.0125100016594,
        0.00170385476667,
        0.000655501440633,
        0.000315280456562,
        0.000925441621803,
        0.000819774053525,
        0.000135942507768,
        1.26718023239e-05
      ],
      "dvar2": [
        0.753074645996,
        7.27521944046,
        126.492584229,
        492.927001953,
        373.538360596,
        622.349487305,
        1530.31713867,
        2047.15759277,
        1453.98999023,
        3460.13134766,
        3108.85083008,
        5785.34375,
        2342.12426758,
        989.123046875,
        1844.18261719,
        2639.74194336,
        1201.06237793,
        763.517150879,
        2691.29907227,
        2094.73706055,
        1199.1986084,
        1133.20227051,
        1351.75134277,
        1360.921875,
        403.196960449,
        119.387290955,
        34.5820960999,
        18.6314067841,
        6.14931726456,
        7.12574243546,
        2.11146736145,
        0.210690394044,
        0.0249373093247,
        0.00406890641898,
        0.00157059787307,
        0.000709476997145,
        0.0016850552056,
        0.00141464034095,
        0.000255578168435,
        2.83669833152e-05
      ],
      "max": [
        9.2220993042,
        46.0691223145,
        118.014335632,
        262.857849121,
        253.391693115,
        527.025085449,
        753.114440918,
        1158.61743164,
        649.74597168,
        1564.68359375,
        1235.60388184,
        2219.83422852,
        997.008239746,
        707.452880859,
        1508.77307129,
        910.135192871,
        861.823364258,
        669.19543457,
        1444.13647461,
        869.014282227,
        1361.88989258,
        949.733398438,
        1117.73120117,
        1291.49365234,
        638.440734863,
        337.920379639,
        147.134262085,
        251.823745728,
        207.950531006,
        137.397842407,
        62.6611862183,
        15.869017601,
        4.76527643204,
        0.93611061573,
        0.587374508381,
        0.576189398766,
        1.51712155342,
        2.12215995789,
        0.511098146439,
        0.0933664664626
      ],
      "mean": [
        0.3204023242,
        1.77783858776,
        7.86365509033,
        15.8450345993,
        15.7600755692,
        20.0132732391,
        19.5407581329,
        24.5407314301,
        20.3153381348,
        23.3041114807,
        17.0944042206,
        19.6694335938,
        14.0611915588,
        11.0433645248,
        12.5185050964,
        14.1440668106,
        12.0949964523,
        11.3337583542,
        19.4016666412,
        20.0627212524,
        15.5460634232,
        10.7938404083,
        10.8990917206,
        9.28688430786,
        6.35270738602,
        3.569409132,
        2.13533043861,
        1.43863689899,
        0.943316400051,
        0.781562447548,
        0.406098097563,
        0.152296334505,
        0.0545307919383,
        0.0245390105993,
        0.0154324285686,
        0.0115136085078,
        0.0165747459978,
        0.017916334793,
        0.0126636018977,
        0.0103463958949
      ],
      "median": [
        0.150014087558,
        0.958741366863,
        4.93009376526,
        9.1160326004,
        8.82441329956,
        10.4487962723,
        8.64487171173,
        9.61960887909,
        9.24604892731,
        9.03284549713,
        4.26542854309,
        4.22406721115,
        3.66634893417,
        3.5582613945,
        2.54238128662,
        2.50213313103,
        2.85593175888,
        2.64364337921,
        5.20509529114,
        6.19625711441,
        4.30146026611,
        2.46124386787,
        2.22009944916,
        1.71989274025,
        1.20299577713,
        0.873894035816,
        0.599713385105,
        0.389309644699,
        0.2445307374,
        0.191621765494,
        0.115019991994,
        0.0512975640595,
        0.016986887902,
        0.00914306379855,
        0.00600909302011,
        0.00471008103341,
        0.00671703740954,
        0.00648637721315,
        0.00610814103857,
        0.009002703242
      ],
      "min": [
        2.11351575861e-22,
        4.13357787947e-22,
        8.86895701858e-21,
        5.08182900654e-20,
        7.49317649129e-20,
        9.95995250878e-20,
        3.30995650029e-19,
        1.95789928679e-19,
        6.13092776641e-19,
        2.68754651632e-19,
        9.82121260656e-19,
        1.0587940792e-18,
        6.88898916697e-19,
        9.29011922632e-19,
        2.08460701981e-18,
        2.7662830471e-18,
        2.06928846205e-18,
        2.52631154075e-18,
        2.51699790064e-18,
        5.87574141006e-18,
        6.80141152302e-18,
        1.16585226085e-17,
        1.03147685306e-17,
        1.3734031262e-17,
        1.0129666189e-17,
        1.05557576759e-17,
        1.31643585916e-17,
        1.92231281878e-17,
        9.94782045753e-18,
        1.72884602685e-17,
        1.64976061198e-17,
        1.83220853096e-17,
        1.06751190111e-17,
        1.11641936842e-17,
        8.63951437759e-18,
        4.70577508371e-18,
        3.08569511832e-18,
        1.18276312062e-18,
        3.16916415618e-19,
        3.4686458663e-20
      ],
      "var": [
        0.320850253105,
        6.29130887985,
        92.8408966064,
        415.228240967,
        420.298553467,
        925.434204102,
        1471.46887207,
        2422.36499023,
        1291.6105957,
        2420.83325195,
        2276.48681641,
        3306.55883789,
        1736.37011719,
        689.314331055,
        2787.54492188,
        2154.7734375,
        1098.46191406,
        824.545288086,
        2411.70654297,
        1764.5546875,
        1297.53869629,
        1073.43457031,
        1441.40576172,
        1641.26940918,
        595.211425781,
        128.873550415,
        35.2937850952,
        18.9817962646,
        12.91634655,
        9.75973701477,
        2.82620644569,
        0.309012979269,
        0.0288613252342,
        0.00198860745877,
        0.000750737090129,
        0.000534795515705,
        0.00274594547227,
        0.00270687160082,
        0.000433358218288,
        6.59187644487e-05
      ]
    },
    "erbbands_crest": {
      "dmean": 2.51362872124,
      "dmean2": 4.05110931396,
      "dvar": 5.14989089966,
      "dvar2": 12.7001113892,
      "max": 28.5249423981,
      "mean": 9.0892534256,
      "median": 8.21849536896,
      "min": 2.2846057415,
      "var": 14.7285089493
    },
    "erbbands_flatness_db": {
      "dmean": 0.0220100805163,
      "dmean2": 0.0340759456158,
      "dvar": 0.000395354552893,
      "dvar2": 0.000935222778935,
      "max": 0.353911370039,
      "mean": 0.1545137465,
      "median": 0.151420816779,
      "min": 0.0198828410357,
      "var": 0.00167472590692
    },
    "erbbands_kurtosis": {
      "dmean": 1.44486522675,
      "dmean2": 2.25128245354,
      "dvar": 6.87102842331,
      "dvar2": 16.1955547333,
      "max": 90.3310928345,
      "mean": 1.56018924713,
      "median": 0.129120111465,
      "min": -1.82680571079,
      "var": 20.0250701904
    },
    "erbbands_skewness": {
      "dmean": 0.41042342782,
      "dmean2": 0.620630264282,
      "dvar": 0.154519423842,
      "dvar2": 0.324674874544,
      "max": 7.35276889801,
      "mean": 0.771503388882,
      "median": 0.738871157169,
      "min": -4.40465116501,
      "var": 1.09515821934
    },
    "erbbands_spread": {
      "dmean": 7.02937984467,
      "dmean2": 10.9696855545,
      "dvar": 47.4223365784,
      "dvar2": 106.106826782,
      "max": 151.955429077,
      "mean": 34.3273887634,
      "median": 32.4987678528,
      "min": 1.70566058159,
      "var": 282.773986816
    },
    "gfcc": {
      "cov": [
        [
          16268.1552734,
          580.450866699,
          -1062.42272949,
          50.9505500793,
          -264.301025391,
          -643.253540039,
          -66.9227905273,
          -351.826324463,
          45.9041404724,
          -205.228775024,
          -286.289093018,
          -28.8347759247,
          -264.411987305
        ],
        [
          580.450866699,
          833.95489502,
          121.355796814,
          -257.195983887,
          101.431907654,
          -101.791641235,
          -32.3798217773,
          -67.3784866333,
          26.9661502838,
          -64.8932495117,
          0.322555243969,
          -81.667930603,
          78.4040985107
        ],
        [
          -1062.42272949,
          121.355796814,
          779.835876465,
          117.858451843,
          -105.140129089,
          134.390518188,
          -129.885070801,
          86.5044708252,
          -61.9530105591,
          22.9802150726,
          0.981308460236,
          -23.0325927734,
          72.4944229126
        ],
        [
          50.9505500793,
          -257.195983887,
          117.858451843,
          360.008361816,
          38.7439231873,
          2.11271452904,
          49.9938621521,
          -22.4186058044,
          -13.1213665009,
          -7.60698652267,
          -1.08241295815,
          51.0566062927,
          -68.5657577515
        ],
        [
          -264.301025391,
          101.431907654,
          -105.140129089,
          38.7439231873,
          249.35496521,
          31.2841854095,
          62.2596435547,
          -41.570400238,
          3.84283280373,
          -28.0322608948,
          34.1503067017,
          -4.00131940842,
          5.8701415062
        ],
        [
          -643.253540039,
          -101.791641235,
          134.390518188,
          2.11271452904,
          31.2841854095,
          264.549377441,
          -8.0392074585,
          65.652923584,
          -67.1622695923,
          44.4655723572,
          26.9941616058,
          9.17129421234,
          34.7061347961
        ],
        [
          -66.9227905273,
          -32.3798217773,
          -129.885070801,
          49.9938621521,
          62.2596435547,
          -8.0392074585,
          189.553466797,
          -11.2284555435,
          41.8399276733,
          6.2439084053,
          18.111076355,
          19.7391223907,
          -29.9995708466
        ],
        [
          -351.826324463,
          -67.3784866333,
          86.5044708252,
          -22.4186058044,
          -41.570400238,
          65.652923584,
          -11.2284555435,
          145.400405884,
          15.8686227798,
          33.8741531372,
          9.65885257721,
          -6.89956855774,
          31.0710258484
        ],
        [
          45.9041404724,
          26.9661502838,
          -61.9530105591,
          -13.1213665009,
          3.84283280373,
          -67.1622695923,
          41.8399276733,
          15.8686227798,
          139.885162354,
          32.1732139587,
          -15.8137264252,
          6.7175078392,
          -10.1057815552
        ],
        [
          -205.228775024,
          -64.8932495117,
          22.9802150726,
          -7.60698652267,
          -28.0322608948,
          44.4655723572,
          6.2439084053,
          33.8741531372,
          32.1732139587,
          95.330406189,
          34.1499252319,
          0.901200413704,
          10.5839319229
        ],
        [
          -286.289093018,
          0.322555243969,
          0.981308460236,
          -1.08241295815,
          34.1503067017,
          26.9941616058,
          18.111076355,
          9.65885257721,
          -15.8137264252,
          34.1499252319,
          79.0275039673,
          27.9570884705,
          12.6223812103
        ],
        [
          -28.8347759247,
          -81.667930603,
          -23.0325927734,
          51.0566062927,
          -4.00131940842,
          9.17129421234,
          19.7391223907,
          -6.89956855774,
          6.7175078392,
          0.901200413704,
          27.9570884705,
          81.6309356689,
          10.4468641281
        ],
        [
          -264.411987305,
          78.4040985107,
          72.4944229126,
          -68.5657577515,
          5.8701415062,
          34.7061347961,
          -29.9995708466,
          31.0710258484,
          -10.1057815552,
          10.5839319229,
          12.6223812103,
          10.4468641281,
          99.6070251465
        ]
      ],
      "icov": [
        [
          0.000103766229586,
          -0.000313908210956,
          0.000331801973516,
          -0.000368752604118,
          0.000309798168018,
          -1.81311152119e-05,
          0.000161941352417,
          -6.46151966066e-05,
          0.000175377281266,
          -0.000183166572242,
          0.000355712632881,
          -0.000126241284306,
          8.96271958482e-05
        ],
        [
          -0.000313908210956,
          0.00429389905185,
          -0.0028219174128,
          0.00410980917513,
          -0.00275755045004,
          0.00150424835738,
          -0.0011565296445,
          0.00203924369998,
          -0.00172829185612,
          0.00263670063578,
          -0.00240966910496,
          0.00203759176657,
          -0.00104023003951
        ],
        [
          0.000331801973516,
          -0.0028219174128,
          0.0048209275119,
          -0.00543441483751,
          0.00453045358881,
          -0.00295935571194,
          0.00226876139641,
          -0.00073928409256,
          -0.000867732218467,
          0.00116185855586,
          -0.00157091976143,
          0.0029505295679,
          -0.00279135350138
        ],
        [
          -0.000368752604118,
          0.00410980917513,
          -0.00543441483751,
          0.0109097119421,
          -0.00715778581798,
          0.00437031732872,
          -0.00280039710924,
          0.000143288154504,
          0.00307660549879,
          -0.00311644026078,
          0.00459240516648,
          -0.00709618767723,
          0.00606772489846
        ],
        [
          0.000309798168018,
          -0.00275755045004,
          0.00453045358881,
          -0.00715778581798,
          0.0123984208331,
          -0.0063661201857,
          0.000655582873151,
          0.00309098698199,
          -0.00622391887009,
          0.00888473540545,
          -0.0101347854361,
          0.00915398355573,
          -0.00576206669211
        ],
        [
          -1.81311152119e-05,
          0.00150424835738,
          -0.00295935571194,
          0.00437031732872,
          -0.0063661201857,
          0.0100384689867,
          -0.00167482742108,
          -0.00370592437685,
          0.00818090513349,
          -0.00884414371103,
          0.00763794919476,
          -0.00699267489836,
          0.00299433292821
        ],
        [
          0.000161941352417,
          -0.0011565296445,
          0.00226876139641,
          -0.00280039710924,
          0.000655582873151,
          -0.00167482742108,
          0.00795578211546,
          -0.000266345625278,
          -0.00270413607359,
          0.000961933925282,
          -0.00219433871098,
          0.000447345373686,
          0.000640035781544
        ],
        [
          -6.46151966066e-05,
          0.00203924369998,
          -0.00073928409256,
          0.000143288154504,
          0.00309098698199,
          -0.00370592437685,
          -0.000266345625278,
          0.0120431510732,
          -0.00638621347025,
          0.0048469286412,
          -0.00669461302459,
          0.00676010176539,
          -0.00489140301943
        ],
        [
          0.000175377281266,
          -0.00172829185612,
          -0.000867732218467,
          0.00307660549879,
          -0.00622391887009,
          0.00818090513349,
          -0.00270413607359,
          -0.00638621347025,
          0.0198055785149,
          -0.01682247594,
          0.0167988017201,
          -0.0129494117573,
          0.00629556179047
        ],
        [
          -0.000183166572242,
          0.00263670063578,
          0.00116185855586,
          -0.00311644026078,
          0.00888473540545,
          -0.00884414371103,
          0.000961933925282,
          0.0048469286412,
          -0.01682247594,
          0.0312710739672,
          -0.0238738115877,
          0.0166920665652,
          -0.00797162204981
        ],
        [
          0.000355712632881,
          -0.00240966910496,
          -0.00157091976143,
          0.00459240516648,
          -0.0101347854361,
          0.00763794919476,
          -0.00219433871098,
          -0.00669461302459,
          0.0167988017201,
          -0.0238738115877,
          0.0372305437922,
          -0.0219267196953,
          0.00833180826157
        ],
        [
          -0.000126241284306,
          0.00203759176657,
          0.0029505295679,
          -0.00709618767723,
          0.00915398355573,
          -0.00699267489836,
          0.000447345373686,
          0.00676010176539,
          -0.0129494117573,
          0.0166920665652,
          -0.0219267196953,
          0.0312199406326,
          -0.0126313576475
        ],
        [
          8.96271958482e-05,
          -0.00104023003951,
          -0.00279135350138,
          0.00606772489846,
          -0.00576206669211,
          0.00299433292821,
          0.000640035781544,
          -0.00489140301943,
          0.00629556179047,
          -0.00797162204981,
          0.00833180826157,
          -0.0126313576475,
          0.0200740881264
        ]
      ],
      "mean": [
        -45.9065093994,
        116.732818604,
        -68.6608810425,
        10.2366313934,
        -9.17879199982,
        -22.6444168091,
        -11.4238758087,
        -18.4299144745,
        -0.322352290154,
        -11.0660982132,
        -8.72707366943,
        -7.40740966797,
        -7.19607686996
      ]
    },
    "hfc": {
      "dmean": 47.6224060059,
      "dmean2": 73.3018722534,
      "dvar": 2916.05541992,
      "dvar2": 7032.41064453,
      "max": 1128.04272461,
      "mean": 171.318557739,
      "median": 151.745605469,
      "min": 1.17524537647e-16,
      "var": 14070.2929688
    },
    "melbands": {
      "dmean": [
        0.00152342021465,
        0.00184057664592,
        0.00143852550536,
        0.000646446133032,
        0.000373382819816,
        0.000315164186759,
        0.000187515892321,
        0.000150938387378,
        8.72591917869e-05,
        8.1504775153e-05,
        4.41508200311e-05,
        2.84295492747e-05,
        2.38911652559e-05,
        2.33685659623e-05,
        2.15688669414e-05,
        1.7069538444e-05,
        1.21599641716e-05,
        1.7428494175e-05,
        2.10500747926e-05,
        1.33348521558e-05,
        1.03663169284e-05,
        7.06064520273e-06,
        6.01491819907e-06,
        6.19061302132e-06,
        4.51487085229e-06,
        3.15183842758e-06,
        2.35060474552e-06,
        1.30155865463e-06,
        8.87602368493e-07,
        6.24098049684e-07,
        4.90960928801e-07,
        3.41668908277e-07,
        2.82973275034e-07,
        2.52322706729e-07,
        1.61906740459e-07,
        9.28938845846e-08,
        5.59689397051e-08,
        3.55615163983e-08,
        2.23527258925e-08,
        1.84011135218e-08
      ],
      "dmean2": [
        0.00234905979596,
        0.00310785346664,
        0.00234845932573,
        0.000992440385744,
        0.000581203203183,
        0.000474958244013,
        0.000291432341328,
        0.000233490281971,
        0.000140126983752,
        0.000128620391479,
        6.95319686201e-05,
        4.49535982625e-05,
        3.65504820365e-05,
        3.63492763427e-05,
        3.44810650859e-05,
        2.67929572146e-05,
        1.92298120965e-05,
        2.77827512036e-05,
        3.39267317031e-05,
        2.1389207177e-05,
        1.65450674103e-05,
        1.10834325824e-05,
        9.35585376283e-06,
        9.62240119406e-06,
        6.90443403073e-06,
        4.68367488793e-06,
        3.5040691273e-06,
        1.98375551008e-06,
        1.33654407364e-06,
        9.55094378696e-07,
        7.38724565963e-07,
        5.02524528656e-07,
        4.25717132657e-07,
        3.7321925106e-07,
        2.43048987159e-07,
        1.40780414881e-07,
        8.58521076452e-08,
        5.57922774647e-08,
        3.63838914552e-08,
        3.0054774669e-08
      ],
      "dvar": [
        1.42194339787e-05,
        7.34306559025e-06,
        4.44755278295e-06,
        8.7861241127e-07,
        5.39975701486e-07,
        4.23053421628e-07,
        1.48075841366e-07,
        1.9058749956e-07,
        8.06186406521e-08,
        9.27902945591e-08,
        2.25799929865e-08,
        6.78983713698e-09,
        8.3167286391e-09,
        6.41968167514e-09,
        6.43304565173e-09,
        3.32186389507e-09,
        1.27314092602e-09,
        2.82415402175e-09,
        2.50474774255e-09,
        1.19121479347e-09,
        8.86384410315e-10,
        6.1779698024e-10,
        5.91442228526e-10,
        6.78961165068e-10,
        4.82416551151e-10,
        1.89527546435e-10,
        6.93907709071e-11,
        2.22173061198e-11,
        8.6022708054e-12,
        4.49303701883e-12,
        2.73583651393e-12,
        1.40137792863e-12,
        1.51471847218e-12,
        1.24516065861e-12,
        4.95419948555e-13,
        1.16478644763e-13,
        2.9566484623e-14,
        8.85575741563e-15,
        1.72481191994e-15,
        1.11344386741e-15
      ],
      "dvar2": [
        3.46820306731e-05,
        2.08963938348e-05,
        1.16142391562e-05,
        2.01431566893e-06,
        1.3265466805e-06,
        9.26130837797e-07,
        3.50578716279e-07,
        4.64436084258e-07,
        2.05630200867e-07,
        2.45749617989e-07,
        5.6261214354e-08,
        1.62567701523e-08,
        1.6939146974e-08,
        1.48055194771e-08,
        1.56326240841e-08,
        7.0349419623e-09,
        2.885992334e-09,
        6.7866343656e-09,
        6.23747231643e-09,
        2.98615487893e-09,
        2.14234274765e-09,
        1.51721724073e-09,
        1.37534539313e-09,
        1.59828894564e-09,
        1.10785469687e-09,
        3.83936132886e-10,
        1.40368563994e-10,
        4.84775379561e-11,
        1.83487322558e-11,
        1.05806812964e-11,
        5.55741910824e-12,
        2.53328694827e-12,
        3.21268012193e-12,
        2.62243135193e-12,
        1.08712843415e-12,
        2.77688787763e-13,
        5.67881652076e-14,
        1.77895164013e-14,
        4.09020394119e-15,
        2.67157135003e-15
      ],
      "max": [
        0.0792071297765,
        0.0447416454554,
        0.0390526652336,
        0.0210906602442,
        0.0203965678811,
        0.0224905330688,
        0.00935764145106,
        0.0165798757225,
        0.00861004833132,
        0.0145957926288,
        0.00479683699086,
        0.00274556828663,
        0.00427518505603,
        0.00269172969274,
        0.00351075758226,
        0.0024517015554,
        0.00106081378181,
        0.00219671684317,
        0.00157178996596,
        0.00100229599047,
        0.00171738571953,
        0.00091792823514,
        0.00158632686362,
        0.00133688200731,
        0.00118947064038,
        0.000589627306908,
        0.000367564440239,
        0.000207789169508,
        0.000116946990602,
        0.000140432806802,
        0.000137448150781,
        0.000121013501484,
        0.000119308024296,
        7.45331126382e-05,
        4.54599321529e-05,
        1.68703463714e-05,
        8.37055995362e-06,
        4.09669519286e-06,
        1.16594571864e-06,
        7.64620324389e-07
      ],
      "mean": [
        0.00286930054426,
        0.00355811230838,
        0.00271323160268,
        0.0012907802593,
        0.000711621367373,
        0.000560599379241,
        0.000318508449709,
        0.000241880232352,
        0.000133714856929,
        0.000126611907035,
        6.71500965836e-05,
        4.23897145083e-05,
        3.99284217565e-05,
        3.60309422831e-05,
        3.18215716106e-05,
        2.58380896412e-05,
        2.00430604309e-05,
        2.79069972748e-05,
        3.44798718288e-05,
        2.19620615098e-05,
        1.73618373083e-05,
        1.16235314636e-05,
        9.45838019106e-06,
        9.82093570201e-06,
        7.35047706257e-06,
        5.09069650434e-06,
        3.72428826267e-06,
        2.04452908292e-06,
        1.4238979702e-06,
        9.97437837214e-07,
        7.77200739321e-07,
        5.38869358024e-07,
        4.66167989543e-07,
        4.21329588107e-07,
        2.58159815303e-07,
        1.38187715493e-07,
        7.23265856095e-08,
        4.03669879745e-08,
        2.3924924264e-08,
        1.92815843292e-08
      ],
      "median": [
        0.00161352194846,
        0.00233372021466,
        0.00166956870817,
        0.000751767423935,
        0.000359170080628,
        0.000227616823395,
        0.000148381193867,
        8.76112972037e-05,
        2.98700470012e-05,
        2.53296475421e-05,
        1.69705635926e-05,
        1.33694438773e-05,
        8.61938042362e-06,
        6.18380681772e-06,
        6.12472058492e-06,
        5.36117704542e-06,
        4.24687459599e-06,
        6.29262194707e-06,
        1.01184577943e-05,
        5.70021029489e-06,
        4.49827348348e-06,
        2.38470579461e-06,
        1.87345710856e-06,
        1.71547469563e-06,
        1.26181282667e-06,
        8.86524730959e-07,
        7.18491094176e-07,
        4.93667471346e-07,
        3.72763423684e-07,
        2.85617574036e-07,
        1.90839543279e-07,
        1.32453948254e-07,
        1.1391144028e-07,
        1.00042718998e-07,
        6.89180552627e-08,
        4.44198420269e-08,
        2.20648210814e-08,
        1.13503180188e-08,
        8.32191204836e-09,
        6.99646163227e-09
      ],
      "min": [
        2.11288425968e-24,
        3.3297191665e-24,
        9.99435175412e-24,
        4.05027378923e-24,
        1.48149482173e-23,
        4.32092644378e-24,
        8.73560032868e-24,
        3.1560123896e-24,
        9.83726588206e-24,
        5.67899230175e-24,
        3.49800568012e-24,
        3.63719979241e-24,
        5.12414461748e-24,
        1.08239021048e-23,
        5.71169176956e-24,
        3.52180758578e-24,
        4.86907669896e-24,
        3.6129529692e-24,
        6.64437976717e-24,
        5.86147712837e-24,
        9.57088964247e-24,
        1.43687811111e-23,
        5.59083196799e-24,
        1.10962736873e-23,
        1.12284402322e-23,
        6.84881149304e-24,
        7.86759695314e-24,
        6.31400955323e-24,
        7.32964351401e-24,
        1.20018860065e-23,
        9.61944087575e-24,
        5.55020326479e-24,
        5.05600439021e-24,
        8.86110573211e-24,
        8.84626015874e-24,
        1.13853296779e-23,
        1.11751913323e-23,
        6.13998565425e-24,
        9.44732641458e-24,
        9.2515555926e-24
      ],
      "var": [
        1.95531702047e-05,
        1.62613487191e-05,
        1.05966828414e-05,
        2.71894236903e-06,
        1.36102437409e-06,
        1.11118106361e-06,
        2.99916422364e-07,
        3.35055659662e-07,
        1.44659807688e-07,
        1.44923873791e-07,
        4.19877466129e-08,
        1.09857021258e-08,
        2.45664448784e-08,
        1.3256057585e-08,
        1.09691375982e-08,
        6.45859765669e-09,
        2.8380384709e-09,
        5.72083669326e-09,
        5.28495913699e-09,
        2.35490404954e-09,
        1.98358884873e-09,
        1.2927836579e-09,
        1.12431375321e-09,
        1.47484735535e-09,
        1.1573498826e-09,
        4.73017514047e-10,
        1.61864271986e-10,
        4.60831199589e-11,
        1.75283676462e-11,
        7.75896014105e-12,
        6.39812855474e-12,
        4.20601010617e-12,
        3.67164154982e-12,
        3.20162581342e-12,
        1.2720156959e-12,
        2.72325863032e-13,
        7.47897430835e-14,
        1.98536984243e-14,
        2.26504423975e-15,
        1.25784890299e-15
      ]
    },
    "melbands_crest": {
      "dmean": 3.44029474258,
      "dmean2": 5.65722322464,
      "dvar": 9.54600048065,
      "dvar2": 26.5558834076,
      "max": 39.9902114868,
      "mean": 16.4168434143,
      "median": 15.6151323318,
      "min": 1.00021088123,
      "var": 32.2523574829
    },
    "melbands_flatness_db": {
      "dmean": 0.0337976589799,
      "dmean2": 0.0526299588382,
      "dvar": 0.000938893470448,
      "dvar2": 0.00227426365018,
      "max": 0.622707903385,
      "mean": 0.318835616112,
      "median": 0.310850262642,
      "min": -3.96917101853e-07,
      "var": 0.00600395770743
    },
    "melbands_kurtosis": {
      "dmean": 16.0319442749,
      "dmean2": 25.4741363525,
      "dvar": 4152.73486328,
      "dvar2": 10361.1884766,
      "max": 7549.41650391,
      "mean": 58.4100265503,
      "median": 18.244468689,
